2 1
3 1
3 2
4 3
2 4
2 5
5 1
6 2
6 3
7 3
7 5
2 8
8 4
1 9
3 9
10 7
7 10
2 11
11 2
2 12
2 12
13 1
7 13
7 14
14 13
15 9
10 15
16 7
6 16
17 13
17 12
1 18
10 18
5 19
19 17
15 20
2 20
21 10
2 21
22 3
2 22
6 23
20 23
1 24
3 24
25 7
25 3
3 26
3 26
27 21
27 9
28 16
28 27
27 29
29 20
1 30
30 7
20 31
31 1
32 2
32 7
3 33
3 33
29 34
34 25
35 2
7 35
3 36
36 10
6 37
17 37
17 38
38 3
38 39
10 39
2 40
40 3
41 13
3 41
42 3
42 21
13 43
23 43
44 25
32 44
45 6
1 45
46 5
8 46
10 47
47 33
26 48
20 48
49 5
49 25
32 50
50 40
11 51
17 51
52 5
52 1
37 53
2 53
54 47
2 54
55 27
55 51
8 56
56 33
57 14
57 7
17 58
24 58
21 59
2 59
2 60
25 60
59 61
7 61
62 24
2 62
63 47
10 63
9 64
64 10
51 65
65 2
66 19
8 66
67 48
10 67
68 14
68 3
69 9
69 9
70 7
70 1
71 32
71 24
72 22
31 72
23 73
23 73
74 13
74 3
75 9
3 75
76 1
76 53
32 77
3 77
78 2
78 16
52 79
79 25
80 7
17 80
81 60
47 81
82 27
50 82
83 10
23 83
21 84
9 84
85 3
9 85
86 9
86 82
78 87
24 87
77 88
7 88
12 89
51 89
1 90
90 7
91 85
2 91
92 37
92 29
93 9
82 93
7 94
23 94
95 17
6 95
79 96
1 96
97 17
17 97
98 34
98 45
7 99
99 86
9 100
100 20
