21 19 0.27572
21 22 0.59942
21 26 0.01507
21 27 0.19581
21 28 0.93072
21 34 0.19102
21 35 0.61867
21 58 0.28887
21 61 0.10761
21 62 0.25978
21 64 0.25738
21 66 0.25886
21 69 0.01561
21 70 0.95494
39 19 0.96321
39 22 0.61631
39 26 0.25644
39 27 0.9816
39 28 0.48084
39 34 0.56801
39 35 0.33313
39 58 0.74541
39 61 0.14083
39 62 0.99013
39 64 0.90998
39 66 0.6208
39 69 0.41516
39 70 0.44904
41 19 0.01046
41 22 0.51432
41 26 0.85583
41 27 0.35632
41 28 0.31612
41 34 0.32044
41 35 0.14308
41 58 0.43611
41 61 0.80757
41 62 0.08781
41 64 0.97424
41 66 0.1975
41 69 0.79131
41 70 0.75447
42 19 0.50921
42 22 0.67518
42 26 0.35393
42 27 0.00243
42 28 0.79725
42 34 0.02132
42 35 0.83981
42 58 0.78735
42 61 0.97258
42 62 0.16076
42 64 0.97088
42 66 0.67339
42 69 0.74074
42 70 0.00087
45 19 0.00416
45 22 0.87471
45 26 0.0147
45 27 0.23379
45 28 0.22255
45 34 0.78542
45 35 0.45617
45 58 0.14125
45 61 0.4951
45 62 0.23717
45 64 0.89997
45 66 0.80667
45 69 0.46678
45 70 0.30551
46 19 0.93907
46 22 0.65873
46 26 0.12569
46 27 0.6861
46 28 0.07765
46 34 0.36286
46 35 0.93184
46 58 0.90692
46 61 0.39391
46 62 0.13273
46 64 0.9058
46 66 0.41179
46 69 0.49815
46 70 0.58373
47 19 0.63135
47 22 0.68835
47 26 0.67876
47 27 0.90113
47 28 0.3839
47 34 0.55412
47 35 0.19925
47 58 0.93556
47 61 0.35819
47 62 0.49556
47 64 0.552
47 66 0.24793
47 69 0.61667
47 70 0.12667
48 19 0.88021
48 22 0.64535
48 26 0.61122
48 27 0.4588
48 28 0.83051
48 34 0.55295
48 35 0.76013
48 58 0.8506
48 61 0.32741
48 62 0.2226
48 64 0.49803
48 66 0.04976
48 69 0.75474
48 70 0.45724
49 19 0.2659
49 22 0.32358
49 26 0.91633
49 27 0.27173
49 28 0.75365
49 34 0.18636
49 35 0.67983
49 58 0.9106
49 61 0.18723
49 62 0.54311
49 64 0.92634
49 66 0.94782
49 69 0.50181
49 70 0.86885
50 19 0.24482
50 22 0.64608
50 26 0.78815
50 27 0.19601
50 28 0.51219
50 34 0.408
50 35 0.15033
50 58 0.4438
50 61 0.87765
50 62 0.50532
50 64 0.60884
50 66 0.36819
50 69 0.33717
50 70 0.62968
59 19 0.28345
59 22 0.34218
59 26 0.20864
59 27 0.93007
59 28 0.9332
59 34 0.12641
59 35 0.74718
59 58 0.27796
59 61 0.56638
59 62 0.53682
59 64 0.28611
59 66 0.67922
59 69 0.78205
59 70 0.2132
