21 19 0.10477
21 22 0.71023
21 26 0.43666
21 27 0.20895
21 28 0.88812
21 34 0.57452
21 35 0.72131
21 58 0.88174
21 61 0.62941
21 62 0.48643
21 66 0.5514
21 69 0.57113
21 70 0.03739
21 72 0.67982
21 73 0.44062
21 76 0.05833
21 79 0.30733
39 19 0.51171
39 22 0.07738
39 26 0.61789
39 27 0.45878
39 28 0.21236
39 34 0.16407
39 35 0.4453
39 58 0.54731
39 61 0.94432
39 62 0.33978
39 66 0.40817
39 69 0.3468
39 70 0.78734
39 72 0.8385
39 73 0.23932
39 76 0.74811
39 79 0.65691
41 19 0.26188
41 22 0.00016
41 26 0.30666
41 27 0.17697
41 28 0.45183
41 34 0.90302
41 35 0.50569
41 58 0.97596
41 61 0.39648
41 62 0.70456
41 66 0.15616
41 69 0.95489
41 70 0.14424
41 72 0.94788
41 73 0.31602
41 76 0.49178
41 79 0.89722
42 19 0.62592
42 22 0.59743
42 26 0.81395
42 27 0.50361
42 28 0.02614
42 34 0.99922
42 35 0.62012
42 58 0.79597
42 61 0.73186
42 62 0.19654
42 66 0.45425
42 69 0.51524
42 70 0.69898
42 72 0.80357
42 73 0.29287
42 76 0.20646
42 79 0.53213
45 19 0.81086
45 22 0.19927
45 26 0.64331
45 27 0.51751
45 28 0.6709
45 34 0.80869
45 35 0.45726
45 58 0.98877
45 61 0.52805
45 62 0.71264
45 66 0.13879
45 69 0.10959
45 70 0.90556
45 72 0.88062
45 73 0.89156
45 76 0.19405
45 79 0.26642
46 19 0.12014
46 22 0.07735
46 26 0.36975
46 27 0.65775
46 28 0.97237
46 34 0.90784
46 35 0.93269
46 58 0.35733
46 61 0.12254
46 62 0.50669
46 66 0.84105
46 69 0.84942
46 70 0.33021
46 72 0.96695
46 73 0.38909
46 76 0.50627
46 79 0.67825
47 19 0.95784
47 22 0.24235
47 26 0.75902
47 27 0.51927
47 28 0.73533
47 34 0.20106
47 35 0.28684
47 58 0.05837
47 61 0.19431
47 62 0.29928
47 66 0.34414
47 69 0.16512
47 70 0.25448
47 72 0.27195
47 73 0.08963
47 76 0.14373
47 79 0.14582
48 19 0.68482
48 22 0.35015
48 26 0.90612
48 27 0.05287
48 28 0.61282
48 34 0.7993
48 35 0.67114
48 58 0.63691
48 61 0.62179
48 62 0.85015
48 66 0.34093
48 69 0.11485
48 70 0.28392
48 72 0.41953
48 73 0.49752
48 76 0.32076
48 79 0.77913
49 19 0.60705
49 22 0.73154
49 26 0.68724
49 27 0.10487
49 28 0.79852
49 34 0.23767
49 35 0.6373
49 58 0.47855
49 61 0.5639
49 62 0.77572
49 66 0.66289
49 69 0.77157
49 70 0.17389
49 72 0.63967
49 73 0.75114
49 76 0.77606
49 79 0.9297
50 19 0.97804
50 22 0.11815
50 26 0.69356
50 27 0.24895
50 28 0.25317
50 34 0.77866
50 35 0.96287
50 58 0.30103
50 61 0.48963
50 62 0.6608
50 66 0.26568
50 69 0.2695
50 70 0.47251
50 72 0.20206
50 73 0.57046
50 76 0.86267
50 79 0.44369
59 19 0.61009
59 22 0.81144
59 26 0.26207
59 27 0.53897
59 28 0.70186
59 34 0.37125
59 35 0.5988
59 58 0.32982
59 61 0.25495
59 62 0.47139
59 66 0.97268
59 69 0.11502
59 70 0.7
59 72 0.83878
59 73 0.87885
59 76 0.17184
59 79 0.84249
74 19 0.69593
74 22 0.86462
74 26 0.84893
74 27 0.6851
74 28 0.32905
74 34 0.77924
74 35 0.81579
74 58 0.14035
74 61 0.5157
74 62 0.68613
74 66 0.75173
74 69 0.65205
74 70 0.27964
74 72 0.44207
74 73 0.75417
74 76 0.79519
74 79 0.97574
75 19 0.79647
75 22 0.27607
75 26 0.01165
75 27 0.39469
75 28 0.61266
75 34 0.36888
75 35 0.86803
75 58 0.64887
75 61 0.76207
75 62 0.27632
75 66 0.79242
75 69 0.37003
75 70 0.69219
75 72 0.86621
75 73 0.95709
75 76 0.32895
75 79 0.06095
78 19 0.91363
78 22 0.85681
78 26 0.4665
78 27 0.69233
78 28 0.68951
78 34 0.81728
78 35 0.97201
78 58 0.34344
78 61 0.51932
78 62 0.88123
78 66 0.11752
78 69 0.26061
78 70 0.88502
78 72 0.2296
78 73 0.25166
78 76 0.41018
78 79 0.04833
