39 19 0.13842
39 22 0.62708
39 27 0.10285
39 28 0.01999
39 35 0.40405
39 58 0.61233
39 61 0.46626
39 62 0.01916
39 66 0.63613
39 70 0.06119
39 73 0.39465
39 79 0.7077
39 88 0.32147
39 89 0.25427
39 91 0.19465
39 103 0.69324
39 109 0.221
39 110 0.39546
39 116 0.55691
39 119 0.69661
39 136 0.22694
39 138 0.63474
39 148 0.74913
39 152 0.34365
39 154 0.61272
39 156 0.7598
39 162 0.39527
39 164 0.43673
39 166 0.12291
39 169 0.63673
39 173 0.44305
39 179 0.88626
39 182 0.93015
39 187 0.5027
39 189 0.35078
39 195 0.30414
39 197 0.936
39 199 0.21159
41 19 0.94344
41 22 0.67871
41 27 0.72122
41 28 0.85801
41 35 0.46802
41 58 0.38591
41 61 0.07281
41 62 0.91108
41 66 0.64623
41 70 0.80629
41 73 0.25254
41 79 0.53075
41 88 0.60041
41 89 0.17816
41 91 0.78255
41 103 0.37792
41 109 0.60175
41 110 0.79949
41 116 0.29357
41 119 0.20024
41 136 0.60574
41 138 0.79262
41 148 0.33237
41 152 0.23044
41 154 0.20495
41 156 0.50306
41 162 0.89846
41 164 0.08349
41 166 0.92978
41 169 0.13842
41 173 0.04281
41 179 0.76376
41 182 0.72721
41 187 0.86371
41 189 0.73684
41 195 0.472
41 197 0.1767
41 199 0.53144
42 19 0.76547
42 22 0.49642
42 27 0.64989
42 28 0.37672
42 35 0.51145
42 58 0.47173
42 61 0.92035
42 62 0.36247
42 66 0.18471
42 70 0.77203
42 73 0.71284
42 79 0.34529
42 88 0.4474
42 89 0.69036
42 91 0.35863
42 103 0.94732
42 109 0.64931
42 110 0.33743
42 116 0.45754
42 119 0.41568
42 136 0.37706
42 138 0.54311
42 148 0.34899
42 152 0.70471
42 154 0.38493
42 156 0.65444
42 162 0.21318
42 164 0.76922
42 166 0.2931
42 169 0.66061
42 173 0.22923
42 179 0.1739
42 182 0.00929
42 187 0.83258
42 189 0.41592
42 195 0.06162
42 197 0.09891
42 199 0.12093
48 19 0.45018
48 22 0.6648
48 27 0.24993
48 28 0.76581
48 35 0.69267
48 58 0.42456
48 61 0.30552
48 62 0.69438
48 66 0.87381
48 70 0.05714
48 73 0.56281
48 79 0.18547
48 88 0.55938
48 89 0.2003
48 91 0.64086
48 103 0.54938
48 109 0.69219
48 110 0.9723
48 116 0.11845
48 119 0.16734
48 136 0.04165
48 138 0.16865
48 148 0.35586
48 152 0.4386
48 154 0.68136
48 156 0.15765
48 162 0.82066
48 164 0.79467
48 166 0.09081
48 169 0.12066
48 173 0.91806
48 179 0.60882
48 182 0.39174
48 187 0.23063
48 189 0.92556
48 195 0.7694
48 197 0.50061
48 199 0.13936
49 19 0.41682
49 22 0.60517
49 27 0.8455
49 28 0.71207
49 35 0.61463
49 58 0.738
49 61 0.06203
49 62 0.61313
49 66 0.97041
49 70 0.52109
49 73 0.91453
49 79 0.09166
49 88 0.32279
49 89 0.60888
49 91 0.19821
49 103 0.64652
49 109 0.26118
49 110 0.66915
49 116 0.59153
49 119 0.17964
49 136 0.01628
49 138 0.56473
49 148 0.78928
49 152 0.393
49 154 0.75632
49 156 0.92811
49 162 0.86579
49 164 0.60804
49 166 0.6623
49 169 0.37852
49 173 0.61811
49 179 0.3032
49 182 0.24784
49 187 0.25233
49 189 0.10884
49 195 0.11654
49 197 0.54544
49 199 0.88481
50 19 0.59506
50 22 0.86005
50 27 0.18141
50 28 0.95849
50 35 0.41933
50 58 0.31805
50 61 0.32187
50 62 0.49521
50 66 0.31812
50 70 0.54225
50 73 0.20193
50 79 0.14158
50 88 0.88736
50 89 0.43358
50 91 0.83513
50 103 0.38433
50 109 0.5957
50 110 0.43764
50 116 0.07043
50 119 0.9326
50 136 0.4208
50 138 0.41614
50 148 0.84996
50 152 0.00657
50 154 0.57614
50 156 0.15506
50 162 0.39073
50 164 0.05565
50 166 0.59296
50 169 0.42553
50 173 0.78389
50 179 0.12748
50 182 0.77617
50 187 0.4173
50 189 0.27685
50 195 0.25202
50 197 0.90019
50 199 0.77344
74 19 0.21643
74 22 0.6366
74 27 0.81124
74 28 0.74299
74 35 0.16252
74 58 0.96592
74 61 0.56973
74 62 0.04084
74 66 0.26862
74 70 0.48377
74 73 0.93678
74 79 0.40184
74 88 0.42358
74 89 0.29499
74 91 0.44092
74 103 0.2911
74 109 0.47292
74 110 0.79887
74 116 0.3086
74 119 0.41835
74 136 0.403
74 138 0.70002
74 148 0.18408
74 152 0.10303
74 154 0.25906
74 156 0.44741
74 162 0.82564
74 164 0.85208
74 166 0.23752
74 169 0.87318
74 173 0.93971
74 179 0.35038
74 182 0.45109
74 187 0.743
74 189 0.03583
74 195 0.99751
74 197 0.63338
74 199 0.83249
75 19 0.03091
75 22 0.08273
75 27 0.45524
75 28 0.6836
75 35 0.45896
75 58 0.69476
75 61 0.63897
75 62 0.04555
75 66 0.00589
75 70 0.85354
75 73 0.58936
75 79 0.66193
75 88 0.58844
75 89 0.66874
75 91 0.35907
75 103 0.18515
75 109 0.25441
75 110 0.59617
75 116 0.3734
75 119 0.98203
75 136 0.16567
75 138 0.82165
75 148 0.26426
75 152 0.63933
75 154 0.70495
75 156 0.30272
75 162 0.46518
75 164 0.28071
75 166 0.77563
75 169 0.30721
75 173 0.5675
75 179 0.7554
75 182 0.82524
75 187 0.38046
75 189 0.62931
75 195 0.35176
75 197 0.83858
75 199 0.85254
81 19 0.00484
81 22 0.54558
81 27 0.86013
81 28 0.66916
81 35 0.26672
81 58 0.86592
81 61 0.49924
81 62 0.36935
81 66 0.52288
81 70 0.59573
81 73 0.35538
81 79 0.59584
81 88 0.24532
81 89 0.09243
81 91 0.64819
81 103 0.5143
81 109 0.16881
81 110 0.61939
81 116 0.47942
81 119 0.86748
81 136 0.20706
81 138 0.9094
81 148 0.90993
81 152 0.383
81 154 0.42473
81 156 0.08801
81 162 0.08616
81 164 0.9259
81 166 0.61724
81 169 0.35166
81 173 0.99159
81 179 0.06161
81 182 0.36992
81 187 0.43118
81 189 0.56629
81 195 0.04849
81 197 0.95971
81 199 0.17326
84 19 0.74434
84 22 0.49696
84 27 0.77456
84 28 0.70046
84 35 0.54233
84 58 0.06937
84 61 0.02372
84 62 0.82434
84 66 0.11957
84 70 0.26079
84 73 0.22199
84 79 0.10214
84 88 0.36553
84 89 0.75209
84 91 0.91475
84 103 0.64212
84 109 0.56944
84 110 0.35279
84 116 0.55922
84 119 0.07586
84 136 0.52145
84 138 0.8838
84 148 0.85792
84 152 0.38945
84 154 0.71299
84 156 0.7993
84 162 0.07295
84 164 0.97792
84 166 0.41826
84 169 0.24242
84 173 0.352
84 179 0.28038
84 182 0.38607
84 187 0.81252
84 189 0.67893
84 195 0.41963
84 197 0.98415
84 199 0.84969
92 19 0.58609
92 22 0.19686
92 27 0.1033
92 28 0.02684
92 35 0.65814
92 58 0.55527
92 61 0.84742
92 62 0.08048
92 66 0.36571
92 70 0.02496
92 73 0.38297
92 79 0.69167
92 88 0.20674
92 89 0.58514
92 91 0.12569
92 103 0.58026
92 109 0.23934
92 110 0.28811
92 116 0.04194
92 119 0.96996
92 136 0.57604
92 138 0.21434
92 148 0.78703
92 152 0.99169
92 154 0.11095
92 156 0.45839
92 162 0.76425
92 164 0.12878
92 166 0.32609
92 169 0.01726
92 173 0.76924
92 179 0.31103
92 182 0.64014
92 187 0.21334
92 189 0.22085
92 195 0.32365
92 197 0.67707
92 199 0.58694
95 19 0.63085
95 22 0.07665
95 27 0.36455
95 28 0.50974
95 35 0.18381
95 58 0.12706
95 61 0.118
95 62 0.91314
95 66 0.7864
95 70 0.26903
95 73 0.39387
95 79 0.58617
95 88 0.0093
95 89 0.6185
95 91 0.72263
95 103 0.04988
95 109 0.44056
95 110 0.45234
95 116 0.72912
95 119 0.68726
95 136 0.57946
95 138 0.16605
95 148 0.3622
95 152 0.8139
95 154 0.24079
95 156 0.41724
95 162 0.71999
95 164 0.18369
95 166 0.73381
95 169 0.73635
95 173 0.6297
95 179 0.83711
95 182 0.58584
95 187 0.77091
95 189 0.50073
95 195 0.43593
95 197 0.73273
95 199 0.39387
98 19 0.19877
98 22 0.51936
98 27 0.69849
98 28 0.39073
98 35 0.30959
98 58 0.51737
98 61 0.46401
98 62 0.76164
98 66 0.63789
98 70 0.50243
98 73 0.20998
98 79 0.64228
98 88 0.65932
98 89 0.18654
98 91 0.80225
98 103 0.21371
98 109 0.59563
98 110 0.58934
98 116 0.48838
98 119 0.39447
98 136 0.97011
98 138 0.8612
98 148 0.24761
98 152 0.18635
98 154 0.8906
98 156 0.25994
98 162 0.96623
98 164 0.55878
98 166 0.73079
98 169 0.73487
98 173 0.50867
98 179 0.69301
98 182 0.67765
98 187 0.9358
98 189 0.34849
98 195 0.09239
98 197 0.92491
98 199 0.52458
99 19 0.37489
99 22 0.86817
99 27 0.90643
99 28 0.8014
99 35 0.61341
99 58 0.47997
99 61 0.93243
99 62 0.89911
99 66 0.87877
99 70 0.84351
99 73 0.81231
99 79 0.16354
99 88 0.456
99 89 0.36067
99 91 0.84014
99 103 0.2625
99 109 0.97939
99 110 0.50302
99 116 0.49491
99 119 0.12281
99 136 0.53114
99 138 0.98742
99 148 0.15725
99 152 0.10006
99 154 0.82154
99 156 0.80723
99 162 0.02451
99 164 0.18509
99 166 0.73624
99 169 0.63831
99 173 0.13822
99 179 0.96418
99 182 0.28369
99 187 0.61323
99 189 0.60253
99 195 0.99379
99 197 0.6161
99 199 0.37461
106 19 0.08071
106 22 0.59276
106 27 0.85187
106 28 0.9261
106 35 0.90983
106 58 0.46173
106 61 0.74587
106 62 0.82527
106 66 0.58943
106 70 0.59109
106 73 0.68222
106 79 0.30804
106 88 0.66202
106 89 0.50114
106 91 0.00817
106 103 0.74497
106 109 0.89401
106 110 0.58249
106 116 0.07056
106 119 0.02755
106 136 0.98319
106 138 0.43058
106 148 0.90813
106 152 0.02366
106 154 0.25714
106 156 0.14377
106 162 0.89082
106 164 0.71387
106 166 0.84104
106 169 0.60311
106 173 0.94819
106 179 0.2464
106 182 0.44477
106 187 0.77843
106 189 0.40086
106 195 0.54916
106 197 0.49762
106 199 0.82436
112 19 0.87333
112 22 0.42549
112 27 0.62506
112 28 0.70407
112 35 0.06357
112 58 0.41631
112 61 0.99022
112 62 0.35458
112 66 0.89153
112 70 0.8726
112 73 0.57501
112 79 0.88555
112 88 0.86744
112 89 0.00863
112 91 0.60274
112 103 0.43045
112 109 0.23873
112 110 0.30038
112 116 0.51096
112 119 0.4735
112 136 0.3929
112 138 0.05654
112 148 0.98151
112 152 0.41534
112 154 0.70598
112 156 0.66745
112 162 0.62864
112 164 0.78585
112 166 0.59497
112 169 0.28465
112 173 0.68798
112 179 0.46571
112 182 0.29081
112 187 0.6226
112 189 0.37825
112 195 0.98441
112 197 0.73674
112 199 0.675
120 19 0.26937
120 22 0.43914
120 27 0.42716
120 28 0.40603
120 35 0.73704
120 58 0.18122
120 61 0.56671
120 62 0.84487
120 66 0.49491
120 70 0.40516
120 73 0.49674
120 79 0.02051
120 88 0.26883
120 89 0.71646
120 91 0.6021
120 103 0.78357
120 109 0.55303
120 110 0.89713
120 116 0.78102
120 119 0.87387
120 136 0.64932
120 138 0.1754
120 148 0.38044
120 152 0.14702
120 154 0.56434
120 156 0.92016
120 162 0.76281
120 164 0.11048
120 166 0.64623
120 169 0.01401
120 173 0.81627
120 179 0.35665
120 182 0.75061
120 187 0.58581
120 189 0.55321
120 195 0.85173
120 197 0.37035
120 199 0.98082
134 19 0.93463
134 22 0.88108
134 27 0.18873
134 28 0.09749
134 35 0.48982
134 58 0.61646
134 61 0.87196
134 62 0.65987
134 66 0.14612
134 70 0.31796
134 73 0.34703
134 79 0.46916
134 88 0.13444
134 89 0.98391
134 91 0.88157
134 103 0.06978
134 109 0.92451
134 110 0.75884
134 116 0.63027
134 119 0.60327
134 136 0.89565
134 138 0.3071
134 148 0.84606
134 152 0.9764
134 154 0.48864
134 156 0.96213
134 162 0.91754
134 164 0.57481
134 166 0.37805
134 169 0.37626
134 173 0.66667
134 179 0.43887
134 182 0.47234
134 187 0.18098
134 189 0.19527
134 195 0.9969
134 197 0.80529
134 199 0.47552
144 19 0.54882
144 22 0.37609
144 27 0.52111
144 28 0.10052
144 35 0.9996
144 58 0.34687
144 61 0.26428
144 62 0.21952
144 66 0.71328
144 70 0.38167
144 73 0.85098
144 79 0.07982
144 88 0.3135
144 89 0.49114
144 91 0.02032
144 103 0.5197
144 109 0.95765
144 110 0.8606
144 116 0.77156
144 119 0.32673
144 136 0.48689
144 138 0.19443
144 148 0.24452
144 152 0.71639
144 154 0.6137
144 156 0.44693
144 162 0.00028
144 164 0.97384
144 166 0.43749
144 169 0.90836
144 173 0.21187
144 179 0.6783
144 182 0.24885
144 187 0.23894
144 189 0.67487
144 195 0.37851
144 197 0.90766
144 199 0.00098
145 19 0.86111
145 22 0.24655
145 27 0.25121
145 28 0.00247
145 35 0.78082
145 58 0.13976
145 61 0.1735
145 62 0.82346
145 66 0.08937
145 70 0.25352
145 73 0.59564
145 79 0.36901
145 88 0.49491
145 89 0.08251
145 91 0.66721
145 103 0.69136
145 109 0.79154
145 110 0.02469
145 116 0.63634
145 119 0.73431
145 136 0.63784
145 138 0.57409
145 148 0.56328
145 152 0.17402
145 154 0.89744
145 156 0.57921
145 162 0.63139
145 164 0.29775
145 166 0.01411
145 169 0.73148
145 173 0.41272
145 179 0.22563
145 182 0.38505
145 187 0.15699
145 189 0.43051
145 195 0.45711
145 197 0.55982
145 199 0.76579
150 19 0.43697
150 22 0.22719
150 27 0.76547
150 28 0.50192
150 35 0.40164
150 58 0.58267
150 61 0.86011
150 62 0.88267
150 66 0.3246
150 70 0.80647
150 73 0.34532
150 79 0.49035
150 88 0.22106
150 89 0.04405
150 91 0.03009
150 103 0.36314
150 109 0.82552
150 110 0.8401
150 116 0.45062
150 119 0.3095
150 136 0.86938
150 138 0.79096
150 148 0.3352
150 152 0.25738
150 154 0.81083
150 156 0.70979
150 162 0.29194
150 164 0.07624
150 166 0.93231
150 169 0.01716
150 173 0.71986
150 179 0.05624
150 182 0.25034
150 187 0.49429
150 189 0.30291
150 195 0.03575
150 197 0.55019
150 199 0.75246
161 19 0.6457
161 22 0.92999
161 27 0.96254
161 28 0.30495
161 35 0.38548
161 58 0.44767
161 61 0.71497
161 62 0.87584
161 66 0.83821
161 70 0.27112
161 73 0.96269
161 79 0.02542
161 88 0.98651
161 89 0.91765
161 91 0.31618
161 103 0.21962
161 109 0.61299
161 110 0.33097
161 116 0.92579
161 119 0.534
161 136 0.77804
161 138 0.99807
161 148 0.13167
161 152 0.08636
161 154 0.12794
161 156 0.85844
161 162 0.23086
161 164 0.48267
161 166 0.5122
161 169 0.21609
161 173 0.00011
161 179 0.45124
161 182 0.3175
161 187 0.6303
161 189 0.09604
161 195 0.15687
161 197 0.57877
161 199 0.88992
163 19 0.00346
163 22 0.40672
163 27 0.77783
163 28 0.28399
163 35 0.03775
163 58 0.92991
163 61 0.10932
163 62 0.30206
163 66 0.61271
163 70 0.10206
163 73 0.5466
163 79 0.55833
163 88 0.51671
163 89 0.49019
163 91 0.9145
163 103 0.4953
163 109 0.92254
163 110 0.768
163 116 0.97044
163 119 0.97491
163 136 0.44406
163 138 0.48568
163 148 0.31698
163 152 0.95546
163 154 0.80856
163 156 0.99278
163 162 0.7604
163 164 0.54855
163 166 0.61393
163 169 0.2362
163 173 0.60794
163 179 0.93523
163 182 0.07071
163 187 0.85533
163 189 0.88725
163 195 0.44052
163 197 0.10064
163 199 0.45961
167 19 0.38638
167 22 0.92253
167 27 0.53148
167 28 0.48936
167 35 0.83454
167 58 0.05961
167 61 0.48978
167 62 0.85502
167 66 0.44098
167 70 0.36785
167 73 0.69758
167 79 0.22011
167 88 0.29439
167 89 0.22853
167 91 0.82221
167 103 0.50611
167 109 0.04733
167 110 0.64857
167 116 0.15085
167 119 0.02866
167 136 0.08295
167 138 0.03783
167 148 0.80758
167 152 0.6251
167 154 0.62603
167 156 0.35749
167 162 0.80281
167 164 0.12148
167 166 0.26867
167 169 0.02041
167 173 0.73175
167 179 0.35945
167 182 0.21196
167 187 0.8383
167 189 0.1482
167 195 0.31662
167 197 0.56552
167 199 0.40796
168 19 0.31487
168 22 0.47425
168 27 0.05934
168 28 0.18851
168 35 0.67447
168 58 0.29422
168 61 0.28093
168 62 0.96138
168 66 0.41557
168 70 0.1746
168 73 0.49339
168 79 0.77815
168 88 0.17669
168 89 0.13265
168 91 0.58172
168 103 0.78541
168 109 0.44592
168 110 0.04874
168 116 0.85275
168 119 0.76262
168 136 0.67268
168 138 0.12404
168 148 0.29081
168 152 0.99348
168 154 0.04631
168 156 0.89282
168 162 0.24138
168 164 0.28431
168 166 0.77371
168 169 0.44541
168 173 0.67356
168 179 0.59473
168 182 0.08573
168 187 0.81469
168 189 0.11668
168 195 0.90039
168 197 0.1376
168 199 0.66031
171 19 0.51265
171 22 0.19088
171 27 0.66845
171 28 0.4655
171 35 0.76256
171 58 0.38411
171 61 0.01779
171 62 0.81667
171 66 0.71638
171 70 0.09462
171 73 0.71892
171 79 0.78449
171 88 0.68564
171 89 0.02845
171 91 0.49303
171 103 0.0899
171 109 0.26177
171 110 0.91934
171 116 0.2763
171 119 0.09422
171 136 0.78976
171 138 0.38119
171 148 0.19531
171 152 0.21532
171 154 0.34519
171 156 0.55391
171 162 0.90041
171 164 0.24221
171 166 0.57554
171 169 0.85835
171 173 0.98184
171 179 0.4186
171 182 0.6423
171 187 0.12141
171 189 0.2017
171 195 0.03492
171 197 0.80583
171 199 0.53418
174 19 0.9567
174 22 0.3869
174 27 0.94751
174 28 0.86878
174 35 0.22817
174 58 0.57517
174 61 0.38929
174 62 0.66857
174 66 0.95469
174 70 0.60497
174 73 0.23786
174 79 0.74191
174 88 0.36658
174 89 0.46747
174 91 0.10524
174 103 0.83688
174 109 0.28993
174 110 0.85942
174 116 0.95857
174 119 0.89895
174 136 0.95082
174 138 0.12669
174 148 0.50783
174 152 0.38624
174 154 0.9831
174 156 0.09719
174 162 0.31211
174 164 0.46797
174 166 0.85429
174 169 0.26614
174 173 0.03628
174 179 0.63873
174 182 0.95056
174 187 0.34925
174 189 0.70852
174 195 0.68856
174 197 0.39051
174 199 0.93746
177 19 0.94578
177 22 0.15502
177 27 0.1898
177 28 0.02305
177 35 0.79385
177 58 0.08706
177 61 0.54059
177 62 0.81722
177 66 0.03546
177 70 0.38827
177 73 0.77918
177 79 0.64554
177 88 0.75386
177 89 0.0754
177 91 0.37948
177 103 0.13723
177 109 0.88364
177 110 0.18464
177 116 0.18872
177 119 0.95888
177 136 0.44358
177 138 0.077
177 148 0.48276
177 152 0.01573
177 154 0.38016
177 156 0.44028
177 162 0.84703
177 164 0.46086
177 166 0.54808
177 169 0.85806
177 173 0.506
177 179 0.36966
177 182 0.37855
177 187 0.38941
177 189 0.93113
177 195 0.33272
177 197 0.48876
177 199 0.23966
193 19 0.53939
193 22 0.8024
193 27 0.41223
193 28 0.65244
193 35 0.90384
193 58 0.21613
193 61 0.77672
193 62 0.64778
193 66 0.05634
193 70 0.7262
193 73 0.2527
193 79 0.38681
193 88 0.48411
193 89 0.92976
193 91 0.00023
193 103 0.90537
193 109 0.93922
193 110 0.98046
193 116 0.31388
193 119 0.47802
193 136 0.03456
193 138 0.71283
193 148 0.31682
193 152 0.39292
193 154 0.45983
193 156 0.02714
193 162 0.64277
193 164 0.27785
193 166 0.63619
193 169 0.25572
193 173 0.37801
193 179 0.79163
193 182 0.45377
193 187 0.82457
193 189 0.14528
193 195 0.70524
193 197 0.08069
193 199 0.6603
196 19 0.14868
196 22 0.90236
196 27 0.12127
196 28 0.95455
196 35 0.43844
196 58 0.66145
196 61 0.56133
196 62 0.59
196 66 0.50898
196 70 0.79534
196 73 0.41868
196 79 0.51619
196 88 0.94281
196 89 0.66487
196 91 0.41604
196 103 0.10347
196 109 0.04528
196 110 0.24797
196 116 0.90413
196 119 0.0597
196 136 0.34595
196 138 0.95636
196 148 0.73702
196 152 0.04502
196 154 0.71234
196 156 0.43942
196 162 0.24807
196 164 0.53134
196 166 0.85805
196 169 0.13009
196 173 0.22866
196 179 0.91178
196 182 0.4529
196 187 0.55349
196 189 0.04667
196 195 0.74341
196 197 0.11629
196 199 0.3016
198 19 0.9922
198 22 0.92182
198 27 0.04285
198 28 0.19726
198 35 0.38751
198 58 0.46528
198 61 0.725
198 62 0.37285
198 66 0.38653
198 70 0.17893
198 73 0.11199
198 79 0.99498
198 88 0.82983
198 89 0.49403
198 91 0.15847
198 103 0.56837
198 109 0.8071
198 110 0.7793
198 116 0.99992
198 119 0.5494
198 136 0.70712
198 138 0.27817
198 148 0.39749
198 152 0.23661
198 154 0.17046
198 156 0.8124
198 162 0.66849
198 164 0.39753
198 166 0.60914
198 169 0.96524
198 173 0.51434
198 179 0.61765
198 182 0.27708
198 187 0.5574
198 189 0.11286
198 195 0.52996
198 197 0.47312
198 199 0.42222
200 19 0.02185
200 22 0.596
200 27 0.37882
200 28 0.03318
200 35 0.73563
200 58 0.64017
200 61 0.60747
200 62 0.79796
200 66 0.38817
200 70 0.25889
200 73 0.46304
200 79 0.27056
200 88 0.36757
200 89 0.12625
200 91 0.46963
200 103 0.96693
200 109 0.26931
200 110 0.85837
200 116 0.01844
200 119 0.02237
200 136 0.93731
200 138 0.34893
200 148 0.77861
200 152 0.10024
200 154 0.58815
200 156 0.74799
200 162 0.73875
200 164 0.38213
200 166 0.33612
200 169 0.4395
200 173 0.83901
200 179 0.4417
200 182 0.1219
200 187 0.98521
200 189 0.49963
200 195 0.52402
200 197 0.8006
200 199 0.33007
