22 43 0.91435
22 46 0.27015
22 53 0.6846
22 55 0.3522
22 59 0.95546
22 71 0.64907
22 75 0.78784
22 89 0.61934
22 90 0.47532
22 101 0.9314
22 105 0.54698
22 111 0.23028
22 113 0.82519
22 115 0.49119
22 116 0.54549
22 121 0.20855
22 131 0.81609
22 132 0.51378
22 135 0.65894
22 137 0.77174
22 142 0.82717
22 143 0.61958
22 146 0.69585
22 158 0.86595
22 160 0.44642
22 168 0.39922
45 43 0.274
45 46 0.97331
45 53 0.43052
45 55 0.73745
45 59 0.20833
45 71 0.4176
45 75 0.5573
45 89 0.36743
45 90 0.89613
45 101 0.8336
45 105 0.82677
45 111 0.28039
45 113 0.93362
45 115 0.53657
45 116 0.61481
45 121 0.20879
45 131 0.52249
45 132 0.67978
45 135 0.17518
45 137 0.28164
45 142 0.92286
45 143 0.97321
45 146 0.66693
45 158 0.23543
45 160 0.07332
45 168 0.56324
52 43 0.66852
52 46 0.12937
52 53 0.58677
52 55 0.13755
52 59 0.40288
52 71 0.0419
52 75 0.66349
52 89 0.0901
52 90 0.10327
52 101 0.59905
52 105 0.94495
52 111 0.58349
52 113 0.34052
52 115 0.2966
52 116 0.18977
52 121 0.51409
52 131 0.69562
52 132 0.58277
52 135 0.94129
52 137 0.38131
52 142 0.34494
52 143 0.02252
52 146 0.30834
52 158 0.00763
52 160 0.62891
52 168 0.04704
57 43 0.89899
57 46 0.04611
57 53 0.19182
57 55 0.03657
57 59 0.89436
57 71 0.97547
57 75 0.38966
57 89 0.70017
57 90 0.85294
57 101 0.88976
57 105 0.69149
57 111 0.97742
57 113 0.52813
57 115 0.75918
57 116 0.15816
57 121 0.77516
57 131 0.36687
57 132 0.13197
57 135 0.75525
57 137 0.56908
57 142 0.35977
57 143 0.74324
57 146 0.35076
57 158 0.60782
57 160 0.32475
57 168 0.46386
67 43 0.03232
67 46 0.61342
67 53 0.52786
67 55 0.39639
67 59 0.32057
67 71 0.63053
67 75 0.50487
67 89 0.54337
67 90 0.32648
67 101 0.9136
67 105 0.74844
67 111 0.1401
67 113 0.95691
67 115 0.06785
67 116 0.65623
67 121 0.94044
67 131 0.47815
67 132 0.44241
67 135 0.06494
67 137 0.78074
67 142 0.78134
67 143 0.42145
67 146 0.11652
67 158 0.05928
67 160 0.46799
67 168 0.10712
81 43 0.41027
81 46 0.0915
81 53 0.90954
81 55 0.40371
81 59 0.81232
81 71 0.70409
81 75 0.36603
81 89 0.78504
81 90 0.70445
81 101 0.77782
81 105 0.22428
81 111 0.55476
81 113 0.29174
81 115 0.46535
81 116 0.17863
81 121 0.58041
81 131 0.93243
81 132 0.40583
81 135 0.71597
81 137 0.09439
81 142 0.75419
81 143 0.97435
81 146 0.08179
81 158 0.56289
81 160 0.05556
81 168 0.14304
86 43 0.40302
86 46 0.67206
86 53 0.2221
86 55 0.43121
86 59 0.04875
86 71 0.97553
86 75 0.95373
86 89 0.64268
86 90 0.75288
86 101 0.1358
86 105 0.31509
86 111 0.4242
86 113 0.13879
86 115 0.52174
86 116 0.4127
86 121 0.52133
86 131 0.9365
86 132 0.0767
86 135 0.2349
86 137 0.25772
86 142 0.55995
86 143 0.50967
86 146 0.88372
86 158 0.05713
86 160 0.30291
86 168 0.16481
106 43 0.66597
106 46 0.37548
106 53 0.52
106 55 0.6119
106 59 0.80396
106 71 0.76342
106 75 0.21494
106 89 0.556
106 90 0.45235
106 101 0.11657
106 105 0.17293
106 111 0.85067
106 113 0.87842
106 115 0.53011
106 116 0.17089
106 121 0.95135
106 131 0.01845
106 132 0.93772
106 135 0.99451
106 137 0.85271
106 142 0.26715
106 143 0.99193
106 146 0.1879
106 158 0.87838
106 160 0.35671
106 168 0.38121
108 43 0.55131
108 46 0.34679
108 53 0.96318
108 55 0.01077
108 59 0.6375
108 71 0.93252
108 75 0.23916
108 89 0.2052
108 90 0.08889
108 101 0.34712
108 105 0.12032
108 111 0.10468
108 113 0.89534
108 115 0.17114
108 116 0.28211
108 121 0.14055
108 131 0.01536
108 132 0.96451
108 135 0.62191
108 137 0.52747
108 142 0.55607
108 143 0.22219
108 146 0.76316
108 158 0.79797
108 160 0.08203
108 168 0.25743
109 43 0.66077
109 46 0.64859
109 53 0.07195
109 55 0.84692
109 59 0.13446
109 71 0.67416
109 75 0.49377
109 89 0.79923
109 90 0.80789
109 101 0.62769
109 105 0.13649
109 111 0.26759
109 113 0.47101
109 115 0.89947
109 116 0.2816
109 121 0.06281
109 131 0.12522
109 132 0.57521
109 135 0.53762
109 137 0.31116
109 142 0.49756
109 143 0.47017
109 146 0.83554
109 158 0.08546
109 160 0.6884
109 168 0.30783
112 43 0.33488
112 46 0.70494
112 53 0.03351
112 55 0.90395
112 59 0.93857
112 71 0.38243
112 75 0.48334
112 89 0.19474
112 90 0.27986
112 101 0.73474
112 105 0.84516
112 111 0.21091
112 113 0.05061
112 115 0.08624
112 116 0.36639
112 121 0.43823
112 131 0.69169
112 132 0.99566
112 135 0.20251
112 137 0.52922
112 142 0.50964
112 143 0.88043
112 146 0.0755
112 158 0.69487
112 160 0.13811
112 168 0.89243
117 43 0.2108
117 46 0.81539
117 53 0.20219
117 55 0.97374
117 59 0.74913
117 71 0.30963
117 75 0.4875
117 89 0.18038
117 90 0.1029
117 101 0.10739
117 105 0.68321
117 111 0.86681
117 113 0.79187
117 115 0.10112
117 116 0.7262
117 121 0.13185
117 131 0.541
117 132 0.38183
117 135 0.79878
117 137 0.99475
117 142 0.39625
117 143 0.90533
117 146 0.51583
117 158 0.79839
117 160 0.25186
117 168 0.83498
122 43 0.10413
122 46 0.11103
122 53 0.57987
122 55 0.83677
122 59 0.18684
122 71 0.2409
122 75 0.00204
122 89 0.37373
122 90 0.4136
122 101 0.77197
122 105 0.32766
122 111 0.32634
122 113 0.37694
122 115 0.37332
122 116 0.93117
122 121 0.36519
122 131 0.93823
122 132 0.71693
122 135 0.68029
122 137 0.34304
122 142 0.5194
122 143 0.72076
122 146 0.46515
122 158 0.93187
122 160 0.54407
122 168 0.49849
124 43 0.16464
124 46 0.79357
124 53 0.10168
124 55 0.48516
124 59 0.99247
124 71 0.79914
124 75 0.29268
124 89 0.56509
124 90 0.09542
124 101 0.66001
124 105 0.10931
124 111 0.21427
124 113 0.17586
124 115 0.35528
124 116 0.33597
124 121 0.61027
124 131 0.46775
124 132 0.75305
124 135 0.13295
124 137 0.61011
124 142 0.99793
124 143 0.10863
124 146 0.82621
124 158 0.89043
124 160 0.86287
124 168 0.64592
128 43 0.38323
128 46 0.41266
128 53 0.7995
128 55 0.09618
128 59 0.15651
128 71 0.5829
128 75 0.40145
128 89 0.74408
128 90 0.35698
128 101 0.26747
128 105 0.67626
128 111 0.29621
128 113 0.56045
128 115 0.69122
128 116 0.54774
128 121 0.67689
128 131 0.89625
128 132 0.1444
128 135 0.75938
128 137 0.79186
128 142 0.83244
128 143 0.80163
128 146 0.80483
128 158 0.07663
128 160 0.51084
128 168 0.74387
133 43 0.87519
133 46 0.55512
133 53 0.05792
133 55 0.69378
133 59 0.86785
133 71 0.88651
133 75 0.76083
133 89 0.01165
133 90 0.0403
133 101 0.31534
133 105 0.55268
133 111 0.57819
133 113 0.00146
133 115 0.16312
133 116 0.24834
133 121 0.75515
133 131 0.3197
133 132 0.79395
133 135 0.59529
133 137 0.50144
133 142 0.4413
133 143 0.99521
133 146 0.08336
133 158 0.51998
133 160 0.66737
133 168 0.95694
139 43 0.33416
139 46 0.39613
139 53 0.26988
139 55 0.31878
139 59 0.96716
139 71 0.91292
139 75 0.24877
139 89 0.88006
139 90 0.26801
139 101 0.71026
139 105 0.10011
139 111 0.25882
139 113 0.5744
139 115 0.41438
139 116 0.61128
139 121 0.49073
139 131 0.53138
139 132 0.13874
139 135 0.40369
139 137 0.52253
139 142 0.08349
139 143 0.36411
139 146 0.12296
139 158 0.44754
139 160 0.70955
139 168 0.09965
140 43 0.34641
140 46 0.12165
140 53 0.52776
140 55 0.14519
140 59 0.31199
140 71 0.40127
140 75 0.89962
140 89 0.76252
140 90 0.07015
140 101 0.89875
140 105 0.86507
140 111 0.01283
140 113 0.57312
140 115 0.7013
140 116 0.99827
140 121 0.35972
140 131 0.85574
140 132 0.21676
140 135 0.2166
140 137 0.56326
140 142 0.26078
140 143 0.29349
140 146 0.30858
140 158 0.68743
140 160 0.25297
140 168 0.60542
147 43 0.03798
147 46 0.15357
147 53 0.29324
147 55 0.99626
147 59 0.3157
147 71 0.39389
147 75 0.56084
147 89 0.27036
147 90 0.55839
147 101 0.8173
147 105 0.90682
147 111 0.87099
147 113 0.87116
147 115 0.03797
147 116 0.99952
147 121 0.37018
147 131 0.63556
147 132 0.33944
147 135 0.53794
147 137 0.93527
147 142 0.94823
147 143 0.09906
147 146 0.63738
147 158 0.17514
147 160 0.08028
147 168 0.11457
151 43 0.70059
151 46 0.58694
151 53 0.00324
151 55 0.85565
151 59 0.31709
151 71 0.05212
151 75 0.17106
151 89 0.72209
151 90 0.23783
151 101 0.64565
151 105 0.73971
151 111 0.81912
151 113 0.25256
151 115 0.79897
151 116 0.14377
151 121 0.27958
151 131 0.95694
151 132 0.27522
151 135 0.0887
151 137 0.37442
151 142 0.46367
151 143 0.90828
151 146 0.401
151 158 0.5302
151 160 0.7398
151 168 0.72898
156 43 0.77534
156 46 0.06777
156 53 0.75723
156 55 0.85698
156 59 0.47636
156 71 0.08255
156 75 0.69801
156 89 0.4133
156 90 0.04949
156 101 0.30346
156 105 0.29318
156 111 0.16314
156 113 0.10182
156 115 0.83813
156 116 0.01575
156 121 0.40642
156 131 0.44178
156 132 0.07735
156 135 0.40213
156 137 0.57605
156 142 0.8478
156 143 0.57258
156 146 0.16082
156 158 0.42252
156 160 0.64743
156 168 0.29841
167 43 0.42603
167 46 0.71057
167 53 0.26393
167 55 0.18472
167 59 0.38946
167 71 0.43083
167 75 0.71964
167 89 0.77679
167 90 0.21506
167 101 0.70467
167 105 0.33954
167 111 0.38561
167 113 0.95989
167 115 0.54775
167 116 0.26753
167 121 0.2223
167 131 0.55339
167 132 0.59777
167 135 0.72473
167 137 0.14924
167 142 0.50907
167 143 0.75739
167 146 0.20114
167 158 0.58908
167 160 0.79067
167 168 0.74494
