27 13 0.4569
27 31 0.44763
27 33 0.52339
27 57 0.8958
27 73 0.27064
27 77 0.4346
27 80 0.12253
27 81 0.27392
27 87 0.72064
27 98 0.41408
27 104 0.66945
27 106 0.26081
27 108 0.05305
27 123 0.89095
51 13 0.372
51 31 0.00333
51 33 0.75592
51 57 0.53072
51 73 0.30833
51 77 0.11244
51 80 0.38805
51 81 0.73361
51 87 0.50899
51 98 0.87761
51 104 0.32077
51 106 0.22587
51 108 0.27051
51 123 0.85311
52 13 0.10512
52 31 0.67956
52 33 0.19548
52 57 0.59573
52 73 0.39905
52 77 0.43533
52 80 0.04572
52 81 0.67203
52 87 0.48039
52 98 0.11322
52 104 0.23063
52 106 0.51021
52 108 0.53175
52 123 0.99184
54 13 0.03926
54 31 0.86226
54 33 0.70642
54 57 0.45082
54 73 0.22343
54 77 0.3031
54 80 0.34798
54 81 0.69713
54 87 0.31647
54 98 0.84437
54 104 0.58283
54 106 0.98246
54 108 0.48922
54 123 0.18538
55 13 0.51242
55 31 0.83282
55 33 0.53396
55 57 0.11964
55 73 0.46332
55 77 0.3827
55 80 0.26277
55 81 0.8157
55 87 0.71728
55 98 0.5595
55 104 0.45226
55 106 0.57735
55 108 0.18923
55 123 0.60311
64 13 0.6287
64 31 0.01671
64 33 0.21803
64 57 0.77339
64 73 0.14017
64 77 0.83215
64 80 0.08574
64 81 0.97846
64 87 0.63543
64 98 0.59606
64 104 0.82814
64 106 0.89271
64 108 0.79677
64 123 0.75298
65 13 0.18791
65 31 0.81993
65 33 0.61284
65 57 0.40621
65 73 0.38124
65 77 0.60329
65 80 0.77301
65 81 0.6046
65 87 0.1515
65 98 0.92291
65 104 0.35394
65 106 0.83597
65 108 0.27946
65 123 0.11522
76 13 0.56786
76 31 0.19564
76 33 0.41843
76 57 0.82257
76 73 0.74196
76 77 0.98583
76 80 0.50499
76 81 0.17471
76 87 0.61729
76 98 0.65756
76 104 0.93629
76 106 0.38394
76 108 0.97432
76 123 0.64078
82 13 0.46194
82 31 0.18326
82 33 0.36382
82 57 0.48121
82 73 0.78714
82 77 0.60025
82 80 0.76447
82 81 0.84295
82 87 0.10405
82 98 0.12178
82 104 0.41807
82 106 0.15123
82 108 0.24909
82 123 0.63533
85 13 0.12969
85 31 0.02524
85 33 0.82222
85 57 0.93331
85 73 0.23402
85 77 0.50915
85 80 0.69846
85 81 0.66897
85 87 0.37665
85 98 0.33544
85 104 0.11735
85 106 0.94884
85 108 0.0126
85 123 0.00394
89 13 0.00203
89 31 0.74949
89 33 0.00027
89 57 0.72485
89 73 0.31638
89 77 0.37232
89 80 0.58339
89 81 0.42237
89 87 0.24775
89 98 0.54166
89 104 0.37301
89 106 0.75606
89 108 0.3822
89 123 0.95807
96 13 0.87273
96 31 0.74632
96 33 0.80191
96 57 0.7706
96 73 0.98077
96 77 0.03572
96 80 0.08897
96 81 0.4582
96 87 0.71693
96 98 0.10709
96 104 0.06464
96 106 0.24303
96 108 0.67003
96 123 0.59714
100 13 0.15328
100 31 0.06635
100 33 0.81906
100 57 0.2385
100 73 0.58723
100 77 0.29854
100 80 0.03756
100 81 0.86854
100 87 0.51278
100 98 0.11304
100 104 0.40765
100 106 0.18477
100 108 0.37886
100 123 0.09747
101 13 0.5242
101 31 0.01909
101 33 0.19109
101 57 0.35379
101 73 0.45666
101 77 0.7127
101 80 0.87515
101 81 0.78656
101 87 0.21678
101 98 0.12098
101 104 0.34823
101 106 0.02423
101 108 0.30146
101 123 0.3978
109 13 0.4465
109 31 0.64896
109 33 0.79577
109 57 0.66692
109 73 0.74896
109 77 0.55647
109 80 0.37662
109 81 0.08396
109 87 0.41441
109 98 0.15888
109 104 0.33423
109 106 0.82884
109 108 0.71965
109 123 0.34602
110 13 0.28206
110 31 0.80374
110 33 0.04932
110 57 0.14174
110 73 0.74118
110 77 0.7473
110 80 0.38322
110 81 0.36793
110 87 0.10322
110 98 0.57985
110 104 0.37324
110 106 0.82022
110 108 0.83759
110 123 0.46422
115 13 0.54035
115 31 0.65489
115 33 0.9003
115 57 0.76286
115 73 0.74235
115 77 0.42251
115 80 0.6882
115 81 0.93334
115 87 0.18413
115 98 0.46957
115 104 0.87863
115 106 0.76009
115 108 0.68263
115 123 0.57632
127 13 0.17369
127 31 0.09341
127 33 0.05929
127 57 0.40304
127 73 0.38718
127 77 0.81181
127 80 0.48615
127 81 0.09497
127 87 0.52339
127 98 0.04285
127 104 0.92365
127 106 0.63809
127 108 0.31773
127 123 0.35579
129 13 0.16266
129 31 0.9307
129 33 0.45105
129 57 0.705
129 73 0.21906
129 77 0.33026
129 80 0.46036
129 81 0.88561
129 87 0.09874
129 98 0.80603
129 104 0.66262
129 106 0.31495
129 108 0.61932
129 123 0.59603
