28 18 0.65677
28 43 0.93023
28 48 0.64275
28 53 0.33267
28 58 0.89807
28 60 0.88966
28 61 0.37306
28 73 0.78874
28 84 0.91447
28 88 0.71734
28 89 0.03603
28 94 0.25525
28 96 0.30622
28 107 0.69564
28 112 0.52128
28 115 0.48816
28 116 0.51046
28 119 0.73421
28 125 0.58841
28 128 0.67987
28 129 0.07937
28 133 0.75463
28 148 0.20998
28 154 0.79607
28 159 0.28808
28 164 0.95296
28 165 0.0538
28 168 0.64508
28 175 0.6512
28 179 0.22479
28 180 0.71466
28 182 0.81014
28 185 0.55091
28 186 0.35062
28 190 0.68781
28 194 0.80805
28 195 0.42215
28 200 0.79349
42 18 0.15588
42 43 0.78812
42 48 0.16879
42 53 0.48526
42 58 0.73455
42 60 0.50244
42 61 0.32059
42 73 0.75279
42 84 0.01433
42 88 0.98942
42 89 0.38201
42 94 0.65724
42 96 0.64356
42 107 0.74151
42 112 0.86844
42 115 0.34376
42 116 0.62757
42 119 0.73624
42 125 0.1501
42 128 0.1964
42 129 0.25525
42 133 0.28687
42 148 0.36122
42 154 0.21086
42 159 0.37181
42 164 0.37075
42 165 0.3444
42 168 0.75892
42 175 0.99092
42 179 0.97371
42 180 0.51714
42 182 0.7954
42 185 0.03039
42 186 0.16424
42 190 0.68884
42 194 0.50571
42 195 0.73084
42 200 0.48566
49 18 0.51993
49 43 0.2667
49 48 0.92859
49 53 0.41342
49 58 0.38112
49 60 0.77464
49 61 0.58426
49 73 0.70541
49 84 0.18905
49 88 0.3819
49 89 0.68743
49 94 0.3814
49 96 0.53759
49 107 0.89387
49 112 0.19383
49 115 0.8375
49 116 0.76279
49 119 0.46077
49 125 0.26305
49 128 0.19041
49 129 0.03337
49 133 0.31879
49 148 0.57412
49 154 0.81615
49 159 0.66203
49 164 0.55421
49 165 0.63571
49 168 0.51886
49 175 0.21963
49 179 0.29723
49 180 0.72504
49 182 0.91442
49 185 0.19749
49 186 0.95444
49 190 0.73719
49 194 0.52867
49 195 0.14578
49 200 0.51686
52 18 0.81957
52 43 0.16768
52 48 0.71615
52 53 0.4575
52 58 0.52925
52 60 0.16722
52 61 0.52887
52 73 0.82834
52 84 0.53397
52 88 0.36776
52 89 0.93668
52 94 0.22172
52 96 0.20876
52 107 0.14413
52 112 0.36655
52 115 0.1097
52 116 0.51809
52 119 0.44349
52 125 0.18596
52 128 0.3173
52 129 0.4515
52 133 0.61064
52 148 0.00957
52 154 0.53557
52 159 0.06186
52 164 0.12874
52 165 0.01874
52 168 0.94742
52 175 0.06222
52 179 0.33649
52 180 0.35826
52 182 0.95969
52 185 0.72158
52 186 0.52092
52 190 0.78385
52 194 0.96243
52 195 0.92007
52 200 0.38282
55 18 0.751
55 43 0.80787
55 48 0.10846
55 53 0.83769
55 58 0.78136
55 60 0.50546
55 61 0.58862
55 73 0.68891
55 84 0.45137
55 88 0.67755
55 89 0.50639
55 94 0.38567
55 96 0.8263
55 107 0.1801
55 112 0.88761
55 115 0.72188
55 116 0.21509
55 119 0.82941
55 125 0.33271
55 128 0.7682
55 129 0.92013
55 133 0.24357
55 148 0.67517
55 154 0.96783
55 159 0.59187
55 164 0.44944
55 165 0.14652
55 168 0.14752
55 175 0.83138
55 179 0.98291
55 180 0.12683
55 182 0.38949
55 185 0.65612
55 186 0.60459
55 190 0.59233
55 194 0.32422
55 195 0.77009
55 200 0.91595
68 18 0.54825
68 43 0.14395
68 48 0.94214
68 53 0.99884
68 58 0.92711
68 60 0.72343
68 61 0.76851
68 73 0.83103
68 84 0.68922
68 88 0.15535
68 89 0.64149
68 94 0.09943
68 96 0.33096
68 107 0.95826
68 112 0.99311
68 115 0.18209
68 116 0.17013
68 119 0.59877
68 125 0.80135
68 128 0.67167
68 129 0.14321
68 133 0.4287
68 148 0.86606
68 154 0.61402
68 159 0.36581
68 164 0.93369
68 165 0.64722
68 168 0.99213
68 175 0.30574
68 179 0.3213
68 180 0.73351
68 182 0.71945
68 185 0.9966
68 186 0.56656
68 190 0.62468
68 194 0.76368
68 195 0.19816
68 200 0.8231
69 18 0.82908
69 43 0.1768
69 48 0.33548
69 53 0.88056
69 58 0.5946
69 60 0.11102
69 61 0.43029
69 73 0.89233
69 84 0.7222
69 88 0.90476
69 89 0.05758
69 94 0.30212
69 96 0.76207
69 107 0.64523
69 112 0.35112
69 115 0.71897
69 116 0.85061
69 119 0.91306
69 125 0.38283
69 128 0.40098
69 129 0.43304
69 133 0.40727
69 148 0.03633
69 154 0.53659
69 159 0.31537
69 164 0.74478
69 165 0.07843
69 168 0.97877
69 175 0.28121
69 179 0.90532
69 180 0.18511
69 182 0.11789
69 185 0.06605
69 186 0.67087
69 190 0.67763
69 194 0.90679
69 195 0.29947
69 200 0.13253
71 18 0.15009
71 43 0.78899
71 48 0.00986
71 53 0.23896
71 58 0.86647
71 60 0.65717
71 61 0.3155
71 73 0.05335
71 84 0.44511
71 88 0.88737
71 89 0.93776
71 94 0.57844
71 96 0.22166
71 107 0.43429
71 112 0.79553
71 115 0.80037
71 116 0.09217
71 119 0.06345
71 125 0.57684
71 128 0.63064
71 129 0.75016
71 133 0.33184
71 148 0.45183
71 154 0.10207
71 159 0.65408
71 164 0.9786
71 165 0.0039
71 168 0.80182
71 175 0.61377
71 179 0.65099
71 180 0.75898
71 182 0.95085
71 185 0.74852
71 186 0.47838
71 190 0.76658
71 194 0.03298
71 195 0.89674
71 200 0.3926
76 18 0.49654
76 43 0.3215
76 48 0.76942
76 53 0.34289
76 58 0.77757
76 60 0.44188
76 61 0.40586
76 73 0.94647
76 84 0.63817
76 88 0.37883
76 89 0.99733
76 94 0.89438
76 96 0.24381
76 107 0.74478
76 112 0.88864
76 115 0.2061
76 116 0.57549
76 119 0.45021
76 125 0.29553
76 128 0.04691
76 129 0.24613
76 133 0.6611
76 148 0.32276
76 154 0.33116
76 159 0.61925
76 164 0.43945
76 165 0.44733
76 168 0.41924
76 175 0.36658
76 179 0.98028
76 180 0.27784
76 182 0.72999
76 185 0.22705
76 186 0.61085
76 190 0.55186
76 194 0.81525
76 195 0.74691
76 200 0.7575
92 18 0.15064
92 43 0.938
92 48 0.72583
92 53 0.91239
92 58 0.31211
92 60 0.52118
92 61 0.98266
92 73 0.77421
92 84 0.92771
92 88 0.02098
92 89 0.33211
92 94 0.90051
92 96 0.9677
92 107 0.93128
92 112 0.45388
92 115 0.3438
92 116 0.05393
92 119 0.0643
92 125 0.09093
92 128 0.09831
92 129 0.25245
92 133 0.66693
92 148 0.79845
92 154 0.62779
92 159 0.55943
92 164 0.2997
92 165 0.45324
92 168 0.27336
92 175 0.60999
92 179 0.73348
92 180 0.62316
92 182 0.16601
92 185 0.49875
92 186 0.51895
92 190 0.3002
92 194 0.54286
92 195 0.53744
92 200 0.64346
98 18 0.36944
98 43 0.10284
98 48 0.88101
98 53 0.74615
98 58 0.75389
98 60 0.61317
98 61 0.19956
98 73 0.35215
98 84 0.41516
98 88 0.75331
98 89 0.92728
98 94 0.7029
98 96 0.22092
98 107 0.64693
98 112 0.29293
98 115 0.303
98 116 0.84972
98 119 0.38432
98 125 0.50767
98 128 0.52999
98 129 0.60385
98 133 0.21683
98 148 0.23853
98 154 0.78962
98 159 0.14749
98 164 0.86188
98 165 0.22122
98 168 0.7231
98 175 0.58261
98 179 0.97608
98 180 0.99155
98 182 0.15455
98 185 0.51985
98 186 0.01101
98 190 0.78739
98 194 0.51728
98 195 0.98183
98 200 0.10489
102 18 0.07443
102 43 0.89757
102 48 0.99399
102 53 0.68003
102 58 0.44282
102 60 0.17086
102 61 0.96156
102 73 0.90336
102 84 0.72456
102 88 0.71642
102 89 0.44112
102 94 0.41608
102 96 0.65564
102 107 0.71809
102 112 0.29293
102 115 0.53242
102 116 0.38039
102 119 0.94933
102 125 0.87497
102 128 0.67631
102 129 0.96739
102 133 0.84693
102 148 0.50283
102 154 0.22412
102 159 0.79926
102 164 0.18311
102 165 0.21705
102 168 0.23779
102 175 0.01844
102 179 0.19704
102 180 0.76226
102 182 0.92652
102 185 0.69073
102 186 0.45423
102 190 0.8682
102 194 0.86389
102 195 0.20402
102 200 0.72112
108 18 0.10397
108 43 0.00014
108 48 0.7362
108 53 0.2146
108 58 0.49883
108 60 0.44435
108 61 0.10638
108 73 0.21665
108 84 0.56625
108 88 0.58363
108 89 0.20616
108 94 0.68129
108 96 0.28881
108 107 0.20215
108 112 0.85608
108 115 0.78171
108 116 0.04036
108 119 0.28544
108 125 0.26946
108 128 0.74754
108 129 0.90197
108 133 0.5653
108 148 0.30442
108 154 0.88762
108 159 0.58259
108 164 0.24287
108 165 0.30301
108 168 0.24504
108 175 0.80606
108 179 0.88804
108 180 0.87075
108 182 0.27066
108 185 0.85004
108 186 0.54208
108 190 0.19892
108 194 0.1834
108 195 0.2369
108 200 0.27707
114 18 0.87901
114 43 0.59967
114 48 0.89363
114 53 0.11639
114 58 0.89072
114 60 0.89921
114 61 0.43116
114 73 0.6054
114 84 0.42007
114 88 0.02059
114 89 0.52724
114 94 0.79999
114 96 0.05676
114 107 0.01856
114 112 0.20331
114 115 0.1985
114 116 0.66404
114 119 0.23087
114 125 0.8356
114 128 0.87492
114 129 0.66551
114 133 0.83625
114 148 0.70285
114 154 0.90022
114 159 0.57623
114 164 0.38804
114 165 0.36611
114 168 0.43949
114 175 0.92261
114 179 0.58816
114 180 0.44017
114 182 0.08685
114 185 0.99818
114 186 0.9053
114 190 0.88904
114 194 0.96846
114 195 0.80667
114 200 0.90855
117 18 0.43178
117 43 0.58077
117 48 0.34431
117 53 0.27266
117 58 0.89274
117 60 0.6043
117 61 0.58053
117 73 0.36309
117 84 0.52549
117 88 0.5371
117 89 0.59814
117 94 0.40156
117 96 0.5009
117 107 0.69584
117 112 0.25391
117 115 0.96639
117 116 0.90529
117 119 0.22333
117 125 0.35611
117 128 0.21435
117 129 0.07183
117 133 0.51933
117 148 0.72648
117 154 0.22723
117 159 0.83932
117 164 0.97274
117 165 0.77151
117 168 0.0745
117 175 0.17654
117 179 0.50488
117 180 0.94418
117 182 0.80747
117 185 0.06203
117 186 0.94843
117 190 0.60275
117 194 0.04134
117 195 0.06244
117 200 0.56304
122 18 0.73852
122 43 0.01446
122 48 0.33227
122 53 0.32677
122 58 0.24515
122 60 0.5446
122 61 0.45969
122 73 0.30132
122 84 0.43246
122 88 0.44621
122 89 0.66232
122 94 0.4655
122 96 0.21109
122 107 0.87532
122 112 0.07279
122 115 0.72203
122 116 0.73063
122 119 0.63054
122 125 0.7951
122 128 0.49743
122 129 0.8026
122 133 0.78978
122 148 0.15163
122 154 0.11112
122 159 0.10537
122 164 0.15037
122 165 0.60836
122 168 0.43118
122 175 0.22684
122 179 0.21297
122 180 0.35796
122 182 0.2791
122 185 0.23585
122 186 0.35885
122 190 0.71655
122 194 0.47024
122 195 0.90704
122 200 0.30551
130 18 0.43273
130 43 0.22613
130 48 0.86059
130 53 0.2776
130 58 0.81801
130 60 0.1264
130 61 0.99939
130 73 0.29829
130 84 0.4684
130 88 0.01704
130 89 0.09711
130 94 0.43989
130 96 0.6219
130 107 0.61446
130 112 0.41601
130 115 0.79669
130 116 0.27441
130 119 0.97096
130 125 0.1722
130 128 0.65565
130 129 0.37271
130 133 0.69005
130 148 0.80678
130 154 0.94572
130 159 0.1093
130 164 0.30097
130 165 0.6756
130 168 0.21501
130 175 0.71144
130 179 0.815
130 180 0.34856
130 182 0.24857
130 185 0.45665
130 186 0.41139
130 190 0.38651
130 194 0.11117
130 195 0.84251
130 200 0.64774
138 18 0.04089
138 43 0.85104
138 48 0.41309
138 53 0.52808
138 58 0.49124
138 60 0.75469
138 61 0.46414
138 73 0.43985
138 84 0.72879
138 88 0.71544
138 89 0.68884
138 94 0.01076
138 96 0.63318
138 107 0.33975
138 112 0.31073
138 115 0.26938
138 116 0.97554
138 119 0.70736
138 125 0.17134
138 128 0.9968
138 129 0.51721
138 133 0.55737
138 148 0.90365
138 154 0.14511
138 159 0.10865
138 164 0.6873
138 165 0.45977
138 168 0.54434
138 175 0.53254
138 179 0.22096
138 180 0.03077
138 182 0.91828
138 185 0.89979
138 186 0.95374
138 190 0.96638
138 194 0.77774
138 195 0.88141
138 200 0.66989
147 18 0.56779
147 43 0.25833
147 48 0.49172
147 53 0.24456
147 58 0.33267
147 60 0.99286
147 61 0.60726
147 73 0.68937
147 84 0.94994
147 88 0.15656
147 89 0.52605
147 94 0.09407
147 96 0.26567
147 107 0.69993
147 112 0.32447
147 115 0.54344
147 116 0.91052
147 119 0.85449
147 125 0.28812
147 128 0.7458
147 129 0.9265
147 133 0.51256
147 148 0.02689
147 154 0.31335
147 159 0.67135
147 164 0.87574
147 165 0.34592
147 168 0.29393
147 175 0.55075
147 179 0.66774
147 180 0.41792
147 182 0.36213
147 185 0.06988
147 186 0.48033
147 190 0.05285
147 194 0.01001
147 195 0.13354
147 200 0.88305
157 18 0.65037
157 43 0.21613
157 48 0.88602
157 53 0.70876
157 58 0.78521
157 60 0.95123
157 61 0.11423
157 73 0.46449
157 84 0.78111
157 88 0.91452
157 89 0.26343
157 94 0.401
157 96 0.23681
157 107 0.12592
157 112 0.73736
157 115 0.96387
157 116 0.64395
157 119 0.16517
157 125 0.91852
157 128 0.159
157 129 0.87945
157 133 0.66298
157 148 0.87068
157 154 0.35188
157 159 0.6282
157 164 0.96174
157 165 0.67354
157 168 0.85272
157 175 0.21252
157 179 0.58359
157 180 0.33295
157 182 0.44947
157 185 0.6218
157 186 0.35964
157 190 0.09044
157 194 0.14063
157 195 0.06048
157 200 0.30957
167 18 0.93692
167 43 0.51104
167 48 0.15262
167 53 0.80164
167 58 0.01318
167 60 0.58683
167 61 0.42034
167 73 0.34332
167 84 0.31224
167 88 0.51295
167 89 0.06753
167 94 0.68082
167 96 0.93169
167 107 0.54792
167 112 0.83537
167 115 0.89225
167 116 0.10276
167 119 0.10472
167 125 0.88166
167 128 0.09946
167 129 0.70488
167 133 0.91151
167 148 0.99263
167 154 0.21839
167 159 0.30797
167 164 0.32681
167 165 0.59612
167 168 0.51672
167 175 0.23532
167 179 0.18755
167 180 0.53115
167 182 0.74017
167 185 0.42918
167 186 0.27777
167 190 0.41384
167 194 0.01744
167 195 0.6056
167 200 0.20972
171 18 0.82277
171 43 0.96194
171 48 0.56814
171 53 0.31227
171 58 0.84507
171 60 0.48626
171 61 0.31467
171 73 0.38135
171 84 0.19191
171 88 0.83985
171 89 0.89961
171 94 0.03653
171 96 0.34574
171 107 0.30071
171 112 0.83786
171 115 0.26848
171 116 0.24918
171 119 0.85095
171 125 0.33152
171 128 0.38569
171 129 0.98331
171 133 0.45683
171 148 0.38052
171 154 0.04108
171 159 0.18152
171 164 0.08585
171 165 0.23247
171 168 0.72877
171 175 0.43461
171 179 0.91405
171 180 0.59704
171 182 0.4754
171 185 0.46345
171 186 0.86257
171 190 0.99194
171 194 0.22325
171 195 0.70582
171 200 0.70444
173 18 0.30081
173 43 0.65517
173 48 0.77506
173 53 0.02819
173 58 0.52799
173 60 0.20708
173 61 0.93483
173 73 0.48017
173 84 0.2574
173 88 0.30574
173 89 0.65922
173 94 0.93591
173 96 0.18984
173 107 0.00583
173 112 0.69643
173 115 0.57691
173 116 0.3383
173 119 0.11958
173 125 0.67566
173 128 0.91378
173 129 0.96963
173 133 0.43652
173 148 0.75609
173 154 0.87462
173 159 0.54388
173 164 0.01873
173 165 0.74065
173 168 0.03688
173 175 0.50571
173 179 0.13159
173 180 0.686
173 182 0.43747
173 185 0.18185
173 186 0.29391
173 190 0.41569
173 194 0.7877
173 195 0.59516
173 200 0.55555
174 18 0.52409
174 43 0.39689
174 48 0.4011
174 53 0.47316
174 58 0.53049
174 60 0.67498
174 61 0.67821
174 73 0.79786
174 84 0.10885
174 88 0.16518
174 89 0.3378
174 94 0.7386
174 96 0.28933
174 107 0.84379
174 112 0.94353
174 115 0.43186
174 116 0.23801
174 119 0.66256
174 125 0.20956
174 128 0.92901
174 129 0.62653
174 133 0.73053
174 148 0.75886
174 154 0.55579
174 159 0.56445
174 164 0.04274
174 165 0.39086
174 168 0.31288
174 175 0.19267
174 179 0.71965
174 180 0.5991
174 182 0.00915
174 185 0.38288
174 186 0.54927
174 190 0.46688
174 194 0.76958
174 195 0.21298
174 200 0.22016
176 18 0.54673
176 43 0.40101
176 48 0.41815
176 53 0.21392
176 58 0.65886
176 60 0.08116
176 61 0.17075
176 73 0.54185
176 84 0.8237
176 88 0.94365
176 89 0.45848
176 94 0.65041
176 96 0.1776
176 107 0.65503
176 112 0.78583
176 115 0.09933
176 116 0.31096
176 119 0.16665
176 125 0.96567
176 128 0.4812
176 129 0.82766
176 133 0.84446
176 148 0.65432
176 154 0.27629
176 159 0.29822
176 164 0.33616
176 165 0.77779
176 168 0.55883
176 175 0.58481
176 179 0.26949
176 180 0.34876
176 182 0.2958
176 185 0.83381
176 186 0.51395
176 190 0.26163
176 194 0.21383
176 195 0.90415
176 200 0.66752
181 18 0.10569
181 43 0.09304
181 48 0.089
181 53 0.50293
181 58 0.17649
181 60 0.74653
181 61 0.90131
181 73 0.37215
181 84 0.26641
181 88 0.90971
181 89 0.68735
181 94 0.64277
181 96 0.3054
181 107 0.85876
181 112 0.85783
181 115 0.74491
181 116 0.81133
181 119 0.7329
181 125 0.86447
181 128 0.06893
181 129 0.93863
181 133 0.23231
181 148 0.1243
181 154 0.72197
181 159 0.83983
181 164 0.53869
181 165 0.39275
181 168 0.45159
181 175 0.33593
181 179 0.5491
181 180 0.71825
181 182 0.4845
181 185 0.04127
181 186 0.54281
181 190 0.11997
181 194 0.93046
181 195 0.7794
181 200 0.53855
184 18 0.33547
184 43 0.40681
184 48 0.21997
184 53 0.41587
184 58 0.88712
184 60 0.71793
184 61 0.98604
184 73 0.30785
184 84 0.43997
184 88 0.60275
184 89 0.31683
184 94 0.63122
184 96 0.99856
184 107 0.86629
184 112 0.13663
184 115 0.41073
184 116 0.174
184 119 0.61473
184 125 0.64245
184 128 0.48754
184 129 0.87571
184 133 0.54347
184 148 0.64551
184 154 0.891
184 159 0.96494
184 164 0.39435
184 165 0.39687
184 168 0.58083
184 175 0.51107
184 179 0.94612
184 180 0.60493
184 182 0.05998
184 185 0.75898
184 186 0.21486
184 190 0.23982
184 194 0.58091
184 195 0.73836
184 200 0.42984
189 18 0.8877
189 43 0.14311
189 48 0.44831
189 53 0.0593
189 58 0.01706
189 60 0.71358
189 61 0.67616
189 73 0.26835
189 84 0.15937
189 88 0.07719
189 89 0.79389
189 94 0.0102
189 96 0.92316
189 107 0.42856
189 112 0.3492
189 115 0.43085
189 116 0.56966
189 119 0.38587
189 125 0.08655
189 128 0.60517
189 129 0.376
189 133 0.17985
189 148 0.15657
189 154 0.34633
189 159 0.88235
189 164 0.78836
189 165 0.11387
189 168 0.714
189 175 0.49084
189 179 0.93763
189 180 0.84034
189 182 0.37587
189 185 0.955
189 186 0.07135
189 190 0.42654
189 194 0.4377
189 195 0.79367
189 200 0.7813
192 18 0.58274
192 43 0.11019
192 48 0.94794
192 53 0.0087
192 58 0.5562
192 60 0.8592
192 61 0.164
192 73 0.4174
192 84 0.0046
192 88 0.475
192 89 0.25813
192 94 0.23156
192 96 0.20304
192 107 0.39333
192 112 0.22878
192 115 0.28632
192 116 0.55069
192 119 0.95258
192 125 0.60937
192 128 0.24478
192 129 0.65787
192 133 0.6248
192 148 0.04088
192 154 0.72256
192 159 0.98233
192 164 0.06569
192 165 0.34816
192 168 0.7084
192 175 0.87313
192 179 0.91536
192 180 0.20817
192 182 0.47608
192 185 0.98046
192 186 0.5746
192 190 0.14179
192 194 0.22482
192 195 0.38234
192 200 0.03552
197 18 0.58604
197 43 0.63159
197 48 0.71452
197 53 0.8365
197 58 0.54327
197 60 0.58461
197 61 0.72292
197 73 0.21686
197 84 0.81823
197 88 0.85172
197 89 0.93152
197 94 0.59781
197 96 0.58743
197 107 0.40418
197 112 0.52384
197 115 0.8056
197 116 0.46064
197 119 0.37078
197 125 0.60204
197 128 0.20942
197 129 0.67319
197 133 0.77289
197 148 0.00874
197 154 0.53464
197 159 0.74489
197 164 0.69387
197 165 0.93508
197 168 0.86916
197 175 0.50949
197 179 0.60452
197 180 0.16552
197 182 0.29786
197 185 0.51258
197 186 0.64809
197 190 0.42219
197 194 0.8664
197 195 0.4292
197 200 0.41662
199 18 0.10356
199 43 0.87538
199 48 0.91234
199 53 0.4864
199 58 0.00921
199 60 0.45604
199 61 0.33993
199 73 0.11175
199 84 0.65317
199 88 0.01862
199 89 0.1862
199 94 0.08526
199 96 0.96715
199 107 0.61195
199 112 0.41255
199 115 0.97335
199 116 0.82074
199 119 0.94507
199 125 0.90781
199 128 0.32955
199 129 0.53124
199 133 0.96344
199 148 0.44957
199 154 0.9702
199 159 0.29035
199 164 0.45829
199 165 0.00206
199 168 0.04396
199 175 0.61159
199 179 0.32852
199 180 0.8827
199 182 0.59668
199 185 0.82233
199 186 0.07901
199 190 0.0517
199 194 0.41165
199 195 0.67498
199 200 0.89795
