1 2
1 3
3 2
2 4
4 2
5 2
5 2
6 3
6 2
7 4
7 5
5 8
2 8
2 9
1 9
10 1
10 4
11 7
11 5
12 5
12 5
13 5
13 5
5 14
14 4
15 1
4 15
16 15
16 6
17 4
2 17
12 18
18 5
13 19
11 19
20 2
8 20
21 5
8 21
22 13
22 15
11 23
17 23
4 24
16 24
25 20
22 25
4 26
26 4
4 27
27 23
3 28
28 18
3 29
11 29
30 19
30 5
31 3
31 1
32 4
32 5
29 33
5 33
4 34
34 16
29 35
6 35
36 27
36 3
37 32
14 37
38 2
38 5
38 39
36 39
40 39
5 40
9 41
41 10
42 5
24 42
17 43
12 43
29 44
20 44
45 31
45 38
32 46
8 46
10 47
2 47
29 48
48 5
4 49
5 49
19 50
47 50
51 27
34 51
52 12
52 1
19 53
15 53
29 54
54 10
17 55
1 55
56 18
56 7
57 5
57 5
58 2
54 58
29 59
2 59
2 60
51 60
61 16
61 8
9 62
62 1
58 63
63 4
61 64
64 15
65 5
65 11
66 27
20 66
67 39
67 2
5 68
4 68
65 69
25 69
6 70
20 70
4 71
35 71
7 72
27 72
2 73
73 3
73 74
74 72
65 75
35 75
76 3
44 76
77 61
66 77
70 78
78 68
28 79
79 78
15 80
20 80
81 49
81 30
23 82
10 82
83 53
68 83
15 84
15 84
60 85
85 58
86 29
86 56
30 87
87 49
88 21
3 88
73 89
27 89
69 90
4 90
91 36
10 91
92 61
12 92
4 93
93 62
94 68
94 63
78 95
17 95
2 96
96 29
24 97
97 84
98 14
98 10
99 65
9 99
56 100
100 20
10 101
95 101
102 47
30 102
72 103
49 103
104 20
10 104
5 105
70 105
106 92
106 24
107 95
20 107
108 79
108 49
109 37
109 89
110 88
8 110
