14 3 0.9996
14 19 0.28583
14 22 0.40412
14 26 0.75507
14 27 0.71811
14 28 0.67592
14 34 0.91845
14 35 0.43857
14 38 0.08241
21 3 0.16404
21 19 0.04849
21 22 0.60468
21 26 0.91265
21 27 0.0506
21 28 0.7007
21 34 0.21251
21 35 0.40578
21 38 0.21839
39 3 0.61766
39 19 0.25785
39 22 0.84417
39 26 0.48674
39 27 0.02918
39 28 0.72159
39 34 0.02368
39 35 0.77039
39 38 0.01671
41 3 0.25777
41 19 0.35104
41 22 0.80064
41 26 0.512
41 27 0.02844
41 28 0.22377
41 34 0.47407
41 35 0.56815
41 38 0.29385
42 3 0.03653
42 19 0.99291
42 22 0.35266
42 26 0.43505
42 27 0.02369
42 28 0.75664
42 34 0.57439
42 35 0.85072
42 38 0.1978
45 3 0.37592
45 19 0.11947
45 22 0.21539
45 26 0.96383
45 27 0.35971
45 28 0.3829
45 34 0.06409
45 35 0.26776
45 38 0.25623
46 3 0.97255
46 19 0.93187
46 22 0.92979
46 26 0.20992
46 27 0.72051
46 28 0.29058
46 34 0.76986
46 35 0.15759
46 38 0.74559
47 3 0.5613
47 19 0.45409
47 22 0.50374
47 26 0.25399
47 27 0.42291
47 28 0.41684
47 34 0.95015
47 35 0.67593
47 38 0.47102
48 3 0.04306
48 19 0.67696
48 22 0.49234
48 26 0.81939
48 27 0.71357
48 28 0.81904
48 34 0.09416
48 35 0.457
48 38 0.74633
49 3 0.67894
49 19 0.05947
49 22 0.76272
49 26 0.04168
49 27 0.33763
49 28 0.19514
49 34 0.15713
49 35 0.55474
49 38 0.21374
50 3 0.99053
50 19 0.87022
50 22 0.21945
50 26 0.9121
50 27 0.40325
50 28 0.97988
50 34 0.35409
50 35 0.47601
50 38 0.56578
