22 33 0.87515
22 39 0.09646
22 43 0.25795
22 46 0.29428
22 49 0.8909
22 50 0.05998
22 53 0.19699
22 55 0.21486
22 59 0.49001
22 71 0.73148
22 72 0.81952
22 75 0.77092
22 80 0.0714
22 82 0.71342
22 84 0.50783
22 89 0.92725
22 90 0.64599
22 95 0.06433
45 33 0.86571
45 39 0.66925
45 43 0.27326
45 46 0.42903
45 49 0.58163
45 50 0.37283
45 53 0.06724
45 55 0.73296
45 59 0.96211
45 71 0.84499
45 72 0.60986
45 75 0.83197
45 80 0.44514
45 82 0.17371
45 84 0.1974
45 89 0.74519
45 90 0.46415
45 95 0.30606
52 33 0.97146
52 39 0.4085
52 43 0.74403
52 46 0.62009
52 49 0.93107
52 50 0.09673
52 53 0.62068
52 55 0.8308
52 59 0.31824
52 71 0.05444
52 72 0.6112
52 75 0.88162
52 80 0.25546
52 82 0.99952
52 84 0.97277
52 89 0.17227
52 90 0.49761
52 95 0.51994
57 33 0.3589
57 39 0.30411
57 43 0.86462
57 46 0.47497
57 49 0.14889
57 50 0.15538
57 53 0.51459
57 55 0.31548
57 59 0.71335
57 71 0.55595
57 72 0.93035
57 75 0.1786
57 80 0.49899
57 82 0.2115
57 84 0.7269
57 89 0.13921
57 90 0.4046
57 95 0.60101
67 33 0.42196
67 39 0.53602
67 43 0.25352
67 46 0.26425
67 49 0.77462
67 50 0.71376
67 53 0.42605
67 55 0.4257
67 59 0.68843
67 71 0.67746
67 72 0.92807
67 75 0.30879
67 80 0.47407
67 82 0.54458
67 84 0.56603
67 89 0.71236
67 90 0.84957
67 95 0.28658
81 33 0.75681
81 39 0.75321
81 43 0.91135
81 46 0.48943
81 49 0.42747
81 50 0.01094
81 53 0.64591
81 55 0.34432
81 59 0.0614
81 71 0.43592
81 72 0.0534
81 75 0.29832
81 80 0.47582
81 82 0.97712
81 84 0.65114
81 89 0.54595
81 90 0.99699
81 95 0.62265
86 33 0.51737
86 39 0.93075
86 43 0.70891
86 46 0.63268
86 49 0.47345
86 50 0.714
86 53 0.27628
86 55 0.39667
86 59 0.96324
86 71 0.72669
86 72 0.81765
86 75 0.58457
86 80 0.94943
86 82 0.11114
86 84 0.67564
86 89 0.52024
86 90 0.80818
86 95 0.27828
94 33 0.87683
94 39 0.1229
94 43 0.89427
94 46 0.8994
94 49 0.75019
94 50 0.79163
94 53 0.17724
94 55 0.77306
94 59 0.56044
94 71 0.03705
94 72 0.59021
94 75 0.43632
94 80 0.95999
94 82 0.49958
94 84 0.52307
94 89 0.97455
94 90 0.24307
94 95 0.41567
98 33 0.59756
98 39 0.68197
98 43 0.43938
98 46 0.09407
98 49 0.26614
98 50 0.90198
98 53 0.09757
98 55 0.26431
98 59 0.85008
98 71 0.74115
98 72 0.18851
98 75 0.86697
98 80 0.20357
98 82 0.15162
98 84 0.3832
98 89 0.72572
98 90 0.70595
98 95 0.22787
