21 19 0.66911
21 22 0.22707
21 26 0.54401
21 27 0.51183
21 28 0.71564
21 34 0.92697
21 35 0.62078
21 58 0.46114
21 61 0.86076
21 62 0.2998
21 66 0.51163
21 69 0.64862
21 70 0.80473
21 72 0.44742
21 73 0.36881
21 76 0.71658
21 79 0.08801
21 85 0.22288
21 88 0.3947
21 89 0.90469
21 91 0.66064
21 96 0.84417
39 19 0.66969
39 22 0.18015
39 26 0.43046
39 27 0.45491
39 28 0.79763
39 34 0.70808
39 35 0.01974
39 58 0.71461
39 61 0.42396
39 62 0.50955
39 66 0.64084
39 69 0.93556
39 70 0.33835
39 72 0.73684
39 73 0.22163
39 76 0.4437
39 79 0.27157
39 85 0.99502
39 88 0.88398
39 89 0.48383
39 91 0.71569
39 96 0.4225
41 19 0.02147
41 22 0.48072
41 26 0.64749
41 27 0.95704
41 28 0.63954
41 34 0.58493
41 35 0.90447
41 58 0.26606
41 61 0.05543
41 62 0.02707
41 66 0.43643
41 69 0.446
41 70 0.73447
41 72 0.01703
41 73 0.45047
41 76 0.27732
41 79 0.02216
41 85 0.78322
41 88 0.86484
41 89 0.63667
41 91 0.20112
41 96 0.21471
42 19 0.49257
42 22 0.55029
42 26 0.36943
42 27 0.06486
42 28 0.03854
42 34 0.41825
42 35 0.99874
42 58 0.36828
42 61 0.7848
42 62 0.49564
42 66 0.13231
42 69 0.67965
42 70 0.3142
42 72 0.31899
42 73 0.76436
42 76 0.04459
42 79 0.35471
42 85 0.56871
42 88 0.70222
42 89 0.12653
42 91 0.48843
42 96 0.69473
45 19 0.35478
45 22 0.68972
45 26 0.92095
45 27 0.48668
45 28 0.72516
45 34 0.72852
45 35 0.84586
45 58 0.86264
45 61 0.25326
45 62 0.60634
45 66 0.87098
45 69 0.88377
45 70 0.13465
45 72 0.35411
45 73 0.60833
45 76 0.05697
45 79 0.91092
45 85 0.95118
45 88 0.20514
45 89 0.03488
45 91 0.47618
45 96 0.09346
46 19 0.67338
46 22 0.32928
46 26 0.54062
46 27 0.53561
46 28 0.05301
46 34 0.84774
46 35 0.04132
46 58 0.69534
46 61 0.37298
46 62 0.42343
46 66 0.82858
46 69 0.05604
46 70 0.31565
46 72 0.06712
46 73 0.17045
46 76 0.89959
46 79 0.83226
46 85 0.88369
46 88 0.85522
46 89 0.85958
46 91 0.56049
46 96 0.11173
47 19 0.65962
47 22 0.03901
47 26 0.56838
47 27 0.42364
47 28 0.50029
47 34 0.56538
47 35 0.69938
47 58 0.26803
47 61 0.30845
47 62 0.60037
47 66 0.64797
47 69 0.95931
47 70 0.31034
47 72 0.76977
47 73 0.42222
47 76 0.5839
47 79 0.39312
47 85 0.9537
47 88 0.13723
47 89 0.52862
47 91 0.42398
47 96 0.17512
48 19 0.48306
48 22 0.06553
48 26 0.48738
48 27 0.59406
48 28 0.92872
48 34 0.58878
48 35 0.31165
48 58 0.06516
48 61 0.1362
48 62 0.9622
48 66 0.24738
48 69 0.18483
48 70 0.92577
48 72 0.34112
48 73 0.11131
48 76 0.59408
48 79 0.65546
48 85 0.02873
48 88 0.815
48 89 0.7509
48 91 0.72676
48 96 0.86315
49 19 0.26925
49 22 0.05888
49 26 0.69873
49 27 0.29532
49 28 0.30819
49 34 0.47934
49 35 0.3222
49 58 0.29382
49 61 0.7077
49 62 0.93804
49 66 0.85796
49 69 0.33592
49 70 0.81183
49 72 0.99072
49 73 0.38591
49 76 0.2707
49 79 0.78469
49 85 0.74912
49 88 0.68191
49 89 0.938
49 91 0.57713
49 96 0.20322
50 19 0.94334
50 22 0.16514
50 26 0.99717
50 27 0.8528
50 28 0.31143
50 34 0.14678
50 35 0.46208
50 58 0.19189
50 61 0.60412
50 62 0.47544
50 66 0.67055
50 69 0.11903
50 70 0.90514
50 72 0.39045
50 73 0.95147
50 76 0.1406
50 79 0.00509
50 85 0.84852
50 88 0.58427
50 89 0.97602
50 91 0.74959
50 96 0.61159
59 19 0.5087
59 22 0.56495
59 26 0.88541
59 27 0.22738
59 28 0.58183
59 34 0.06159
59 35 0.15173
59 58 0.97514
59 61 0.45827
59 62 0.04978
59 66 0.96079
59 69 0.4522
59 70 0.41962
59 72 0.68355
59 73 0.68746
59 76 0.29471
59 79 0.82039
59 85 0.881
59 88 0.14654
59 89 0.21729
59 91 0.08364
59 96 0.81472
74 19 0.75886
74 22 0.50036
74 26 0.95463
74 27 0.4919
74 28 0.43627
74 34 0.47311
74 35 0.91621
74 58 0.06762
74 61 0.72513
74 62 0.32598
74 66 0.10677
74 69 0.28812
74 70 0.20206
74 72 0.13607
74 73 0.50419
74 76 0.21279
74 79 0.31127
74 85 0.70317
74 88 0.93681
74 89 0.72478
74 91 0.95442
74 96 0.91722
75 19 0.17114
75 22 0.54192
75 26 0.01021
75 27 0.17172
75 28 0.29349
75 34 0.69599
75 35 0.23555
75 58 0.46288
75 61 0.01635
75 62 0.49713
75 66 0.49433
75 69 0.28773
75 70 0.25129
75 72 0.83203
75 73 0.37685
75 76 0.89654
75 79 0.82367
75 85 0.60268
75 88 0.02612
75 89 0.26442
75 91 0.76209
75 96 0.77133
78 19 0.32801
78 22 0.03256
78 26 0.04504
78 27 0.0475
78 28 0.83074
78 34 0.99637
78 35 0.85184
78 58 0.10823
78 61 0.54254
78 62 0.65215
78 66 0.29453
78 69 0.8178
78 70 0.72874
78 72 0.09854
78 73 0.37428
78 76 0.85174
78 79 0.11645
78 85 0.32436
78 88 0.58571
78 89 0.75924
78 91 0.23724
78 96 0.61084
81 19 0.8838
81 22 0.30289
81 26 0.50242
81 27 0.37682
81 28 0.14841
81 34 0.53836
81 35 0.15638
81 58 0.24285
81 61 0.65997
81 62 0.32371
81 66 0.69303
81 69 0.92956
81 70 0.23286
81 72 0.59286
81 73 0.93675
81 76 0.60456
81 79 0.64836
81 85 0.18493
81 88 0.90304
81 89 0.05588
81 91 0.56201
81 96 0.90053
84 19 0.00626
84 22 0.39466
84 26 0.75142
84 27 0.24397
84 28 0.42676
84 34 0.86377
84 35 0.34066
84 58 0.73998
84 61 0.80057
84 62 0.58299
84 66 0.02152
84 69 0.80492
84 70 0.95535
84 72 0.37977
84 73 0.97664
84 76 0.13216
84 79 0.14979
84 85 0.62227
84 88 0.41473
84 89 0.86238
84 91 0.3617
84 96 0.48596
90 19 0.87636
90 22 0.27235
90 26 0.47748
90 27 0.06979
90 28 0.19216
90 34 0.17325
90 35 0.35325
90 58 0.3437
90 61 0.48955
90 62 0.52817
90 66 0.78074
90 69 0.17729
90 70 0.103
90 72 0.26664
90 73 0.96068
90 76 0.58703
90 79 0.71079
90 85 0.89198
90 88 0.00204
90 89 0.04992
90 91 0.84134
90 96 0.56905
92 19 0.4867
92 22 0.35415
92 26 0.02616
92 27 0.45555
92 28 0.04831
92 34 0.64857
92 35 0.38155
92 58 0.97231
92 61 0.02014
92 62 0.2937
92 66 0.09575
92 69 0.08223
92 70 0.54718
92 72 0.94823
92 73 0.60562
92 76 0.15404
92 79 0.59613
92 85 0.7333
92 88 0.43935
92 89 0.96347
92 91 0.02398
92 96 0.73005
95 19 0.22996
95 22 0.52395
95 26 0.94795
95 27 0.57078
95 28 0.3305
95 34 0.72698
95 35 0.13504
95 58 0.46928
95 61 0.66765
95 62 0.36822
95 66 0.8708
95 69 0.33135
95 70 0.51783
95 72 0.55254
95 73 0.74651
95 76 0.37216
95 79 0.21011
95 85 0.28816
95 88 0.06603
95 89 0.5902
95 91 0.48265
95 96 0.51228
98 19 0.22264
98 22 0.69297
98 26 0.4175
98 27 0.30693
98 28 0.95547
98 34 0.26187
98 35 0.37991
98 58 0.13271
98 61 0.12695
98 62 0.04783
98 66 0.67032
98 69 0.65209
98 70 0.19974
98 72 0.134
98 73 0.58878
98 76 0.97208
98 79 0.83035
98 85 0.44476
98 88 0.47204
98 89 0.44413
98 91 0.77701
98 96 0.76654
99 19 0.26609
99 22 0.84134
99 26 0.58968
99 27 0.77219
99 28 0.78001
99 34 0.0203
99 35 0.18229
99 58 0.64888
99 61 0.26361
99 62 0.35304
99 66 0.19157
99 69 0.58716
99 70 0.55444
99 72 0.8509
99 73 0.21645
99 76 0.19064
99 79 0.36821
99 85 0.84968
99 88 0.44851
99 89 0.72673
99 91 0.12786
99 96 0.93308
