17 21 0.22796
17 25 0.27281
17 36 0.55954
17 41 0.09416
17 45 0.02439
17 52 0.35113
17 55 0.26621
17 60 0.9897
17 61 0.87266
17 66 0.90964
17 67 0.77195
17 71 0.51876
17 88 0.46437
17 94 0.38287
17 109 0.83447
17 110 0.90496
17 112 0.65863
17 116 0.53738
17 118 0.74022
17 119 0.37332
17 126 0.68064
17 130 0.80242
17 136 0.66253
17 154 0.30637
17 155 0.20646
17 157 0.50605
17 159 0.90562
17 163 0.08767
17 166 0.12449
17 169 0.7554
17 170 0.77928
17 172 0.81237
17 174 0.44728
17 175 0.79264
69 21 0.22774
69 25 0.20121
69 36 0.37125
69 41 0.11384
69 45 0.28888
69 52 0.66467
69 55 0.69295
69 60 0.8029
69 61 0.02278
69 66 0.30478
69 67 0.60246
69 71 0.38301
69 88 0.79816
69 94 0.35647
69 109 0.03516
69 110 0.94457
69 112 0.0437
69 116 0.72286
69 118 0.09033
69 119 0.44282
69 126 0.44633
69 130 0.05544
69 136 0.14442
69 154 0.02184
69 155 0.8546
69 157 0.91809
69 159 0.12337
69 163 0.73875
69 166 0.15926
69 169 0.12587
69 170 0.52363
69 172 0.45947
69 174 0.93914
69 175 0.96394
75 21 0.79717
75 25 0.16077
75 36 0.22544
75 41 0.01486
75 45 0.98608
75 52 0.28567
75 55 0.22127
75 60 0.37715
75 61 0.95377
75 66 0.39216
75 67 0.16923
75 71 0.3589
75 88 0.5977
75 94 0.12865
75 109 0.71841
75 110 0.52731
75 112 0.95655
75 116 0.74171
75 118 0.5105
75 119 0.8195
75 126 0.17425
75 130 0.66442
75 136 0.64926
75 154 0.97623
75 155 0.36247
75 157 0.05743
75 159 0.64816
75 163 0.38475
75 166 0.38279
75 169 0.38848
75 170 0.95285
75 172 0.28641
75 174 0.34623
75 175 0.4617
77 21 0.08159
77 25 0.45562
77 36 0.18399
77 41 0.48562
77 45 0.54184
77 52 0.04342
77 55 0.89669
77 60 0.3446
77 61 0.76816
77 66 0.74136
77 67 0.62379
77 71 0.0508
77 88 0.58254
77 94 0.77225
77 109 0.92263
77 110 0.69896
77 112 0.34156
77 116 0.00795
77 118 0.40475
77 119 0.01074
77 126 0.52774
77 130 0.36589
77 136 0.20236
77 154 0.80175
77 155 0.01318
77 157 0.81153
77 159 0.49496
77 163 0.12289
77 166 0.90778
77 169 0.17922
77 170 0.56995
77 172 0.90487
77 174 0.23715
77 175 0.97394
79 21 0.28221
79 25 0.87022
79 36 0.78171
79 41 0.71467
79 45 0.71084
79 52 0.03307
79 55 0.48718
79 60 0.25993
79 61 0.35
79 66 0.39646
79 67 0.29487
79 71 0.54011
79 88 0.43707
79 94 0.73548
79 109 0.02503
79 110 0.15879
79 112 0.05121
79 116 0.2494
79 118 0.7591
79 119 0.57166
79 126 0.07133
79 130 0.978
79 136 0.44505
79 154 0.65178
79 155 0.83597
79 157 0.38924
79 159 0.12265
79 163 0.83169
79 166 0.80566
79 169 0.21466
79 170 0.51352
79 172 0.31734
79 174 0.75742
79 175 0.61099
89 21 0.87172
89 25 0.95319
89 36 0.79843
89 41 0.08693
89 45 0.82215
89 52 0.63458
89 55 0.88728
89 60 0.15532
89 61 0.83692
89 66 0.7592
89 67 0.07862
89 71 0.72292
89 88 0.82355
89 94 0.96002
89 109 0.83942
89 110 0.62673
89 112 0.33565
89 116 0.28132
89 118 0.83554
89 119 0.94754
89 126 0.88196
89 130 0.86489
89 136 0.47374
89 154 0.38848
89 155 0.63287
89 157 0.90222
89 159 0.08857
89 163 0.57941
89 166 0.27201
89 169 0.80418
89 170 0.9092
89 172 0.0352
89 174 0.75155
89 175 0.15466
93 21 0.96773
93 25 0.03843
93 36 0.01847
93 41 0.09042
93 45 0.83407
93 52 0.60413
93 55 0.04647
93 60 0.34068
93 61 0.07993
93 66 0.00734
93 67 0.60749
93 71 0.73507
93 88 0.35225
93 94 0.85446
93 109 0.93034
93 110 0.85068
93 112 0.03832
93 116 0.54161
93 118 0.37888
93 119 0.7214
93 126 0.17297
93 130 0.10675
93 136 0.28659
93 154 0.25001
93 155 0.44503
93 157 0.0752
93 159 0.23243
93 163 0.84451
93 166 0.14159
93 169 0.2349
93 170 0.43453
93 172 0.11222
93 174 0.8272
93 175 0.70647
96 21 0.62935
96 25 0.16288
96 36 0.98508
96 41 0.68413
96 45 0.36886
96 52 0.78701
96 55 0.38981
96 60 0.53844
96 61 0.80791
96 66 0.39534
96 67 0.84914
96 71 0.85489
96 88 0.99588
96 94 0.25849
96 109 0.5224
96 110 0.18517
96 112 0.4831
96 116 0.43223
96 118 0.63918
96 119 0.6391
96 126 0.09288
96 130 0.40146
96 136 0.33164
96 154 0.53814
96 155 0.92481
96 157 0.56369
96 159 0.77136
96 163 0.05288
96 166 0.11488
96 169 0.76469
96 170 0.21452
96 172 0.98769
96 174 0.30897
96 175 0.1866
98 21 0.268
98 25 0.8371
98 36 0.18139
98 41 0.95338
98 45 0.68604
98 52 0.57968
98 55 0.63946
98 60 0.08622
98 61 0.12585
98 66 0.44475
98 67 0.84319
98 71 0.02748
98 88 0.1591
98 94 0.85497
98 109 0.09546
98 110 0.58598
98 112 0.01762
98 116 0.00873
98 118 0.17638
98 119 0.30462
98 126 0.66839
98 130 0.68452
98 136 0.73499
98 154 0.34628
98 155 0.52135
98 157 0.88435
98 159 0.06427
98 163 0.15358
98 166 0.4317
98 169 0.81416
98 170 0.28292
98 172 0.01456
98 174 0.24078
98 175 0.78781
103 21 0.04963
103 25 0.09689
103 36 0.00962
103 41 0.84732
103 45 0.97561
103 52 0.12202
103 55 0.81175
103 60 0.85809
103 61 0.71388
103 66 0.61735
103 67 0.33593
103 71 0.59176
103 88 0.52196
103 94 0.67027
103 109 0.33821
103 110 0.01889
103 112 0.15287
103 116 0.62734
103 118 0.52642
103 119 0.49239
103 126 0.17502
103 130 0.77055
103 136 0.53687
103 154 0.12784
103 155 0.52171
103 157 0.26261
103 159 0.05286
103 163 0.03457
103 166 0.4677
103 169 0.97067
103 170 0.8492
103 172 0.47256
103 174 0.7438
103 175 0.41911
104 21 0.40379
104 25 0.96411
104 36 0.80797
104 41 0.01096
104 45 0.48844
104 52 0.57265
104 55 0.89159
104 60 0.41511
104 61 0.62612
104 66 0.10361
104 67 0.19339
104 71 0.77691
104 88 0.90789
104 94 0.17748
104 109 0.57911
104 110 0.40961
104 112 0.71602
104 116 0.94392
104 118 0.73327
104 119 0.28426
104 126 0.2066
104 130 0.2566
104 136 0.2068
104 154 0.67462
104 155 0.26911
104 157 0.34318
104 159 0.40056
104 163 0.92868
104 166 0.25433
104 169 0.92301
104 170 0.97245
104 172 0.56361
104 174 0.0761
104 175 0.94401
107 21 0.70942
107 25 0.65518
107 36 0.41029
107 41 0.23035
107 45 0.86779
107 52 0.75499
107 55 0.0026
107 60 0.12695
107 61 0.08765
107 66 0.01893
107 67 0.41148
107 71 0.14863
107 88 0.53444
107 94 0.19156
107 109 0.71543
107 110 0.51044
107 112 0.39418
107 116 0.95355
107 118 0.78162
107 119 0.85516
107 126 0.7352
107 130 0.7268
107 136 0.43534
107 154 0.42975
107 155 0.54126
107 157 0.11311
107 159 0.58304
107 163 0.76091
107 166 0.84993
107 169 0.09128
107 170 0.19183
107 172 0.11077
107 174 0.80061
107 175 0.34499
128 21 0.47507
128 25 0.70261
128 36 0.54315
128 41 0.1159
128 45 0.32752
128 52 0.88722
128 55 0.47655
128 60 0.75001
128 61 0.11979
128 66 0.82112
128 67 0.02835
128 71 0.81096
128 88 0.9651
128 94 0.24489
128 109 0.42719
128 110 0.13997
128 112 0.46733
128 116 0.25332
128 118 0.99533
128 119 0.80284
128 126 0.27896
128 130 0.42023
128 136 0.50099
128 154 0.93128
128 155 0.929
128 157 0.9121
128 159 0.24804
128 163 0.91136
128 166 0.54003
128 169 0.2439
128 170 0.06408
128 172 0.51641
128 174 0.50873
128 175 0.30229
131 21 0.21047
131 25 0.96909
131 36 0.01939
131 41 0.9611
131 45 0.04737
131 52 0.49398
131 55 0.40192
131 60 0.14899
131 61 0.92328
131 66 0.73895
131 67 0.08881
131 71 0.82839
131 88 0.58437
131 94 0.06884
131 109 0.73112
131 110 0.40844
131 112 0.95565
131 116 0.20357
131 118 0.29047
131 119 0.31412
131 126 0.4333
131 130 0.39349
131 136 0.01915
131 154 0.75359
131 155 0.4025
131 157 0.09943
131 159 0.64943
131 163 0.96699
131 166 0.85308
131 169 0.08426
131 170 0.04234
131 172 0.26068
131 174 0.94722
131 175 0.72684
148 21 0.68046
148 25 0.03267
148 36 0.60812
148 41 0.81948
148 45 0.13127
148 52 0.99878
148 55 0.73853
148 60 0.42272
148 61 0.8586
148 66 0.90562
148 67 0.94643
148 71 0.97487
148 88 0.93146
148 94 0.25123
148 109 0.34334
148 110 0.84086
148 112 0.62156
148 116 0.41503
148 118 0.02932
148 119 0.1853
148 126 0.24445
148 130 0.33827
148 136 0.4808
148 154 0.91406
148 155 0.39783
148 157 0.07582
148 159 0.80131
148 163 0.6407
148 166 0.14658
148 169 0.80957
148 170 0.01974
148 172 0.05046
148 174 0.61419
148 175 0.58237
149 21 0.05379
149 25 0.12053
149 36 0.61619
149 41 0.73452
149 45 0.74653
149 52 0.64137
149 55 0.23992
149 60 0.90259
149 61 0.29767
149 66 0.59292
149 67 0.14625
149 71 0.5689
149 88 0.62489
149 94 0.26084
149 109 0.5034
149 110 0.58971
149 112 0.53973
149 116 0.80277
149 118 0.46711
149 119 0.34571
149 126 0.35654
149 130 0.23434
149 136 0.121
149 154 0.17643
149 155 0.36763
149 157 0.47583
149 159 0.44127
149 163 0.1937
149 166 0.93492
149 169 0.52903
149 170 0.21241
149 172 0.68664
149 174 0.82857
149 175 0.81189
153 21 0.29999
153 25 0.86108
153 36 0.51282
153 41 0.08371
153 45 0.65747
153 52 0.47606
153 55 0.32802
153 60 0.40984
153 61 0.6421
153 66 0.63724
153 67 0.94999
153 71 0.52452
153 88 0.91592
153 94 0.05227
153 109 0.07816
153 110 0.57908
153 112 0.92432
153 116 0.7608
153 118 0.4493
153 119 0.75027
153 126 0.87584
153 130 0.28456
153 136 0.40011
153 154 0.70542
153 155 0.96823
153 157 0.05775
153 159 0.88242
153 163 0.73855
153 166 0.84058
153 169 0.03588
153 170 0.24487
153 172 0.74609
153 174 0.41926
153 175 0.87851
158 21 0.03794
158 25 0.45192
158 36 0.22495
158 41 0.60498
158 45 0.07978
158 52 0.83802
158 55 0.91323
158 60 0.24133
158 61 0.70123
158 66 0.04197
158 67 0.24745
158 71 0.40161
158 88 0.73765
158 94 0.37345
158 109 0.15528
158 110 0.64751
158 112 0.48244
158 116 0.85392
158 118 0.68248
158 119 0.64064
158 126 0.37019
158 130 0.45456
158 136 0.88741
158 154 0.19638
158 155 0.86874
158 157 0.65555
158 159 0.03387
158 163 0.89095
158 166 0.84349
158 169 0.03336
158 170 0.53082
158 172 0.58648
158 174 0.6414
158 175 0.58343
160 21 0.51378
160 25 0.85805
160 36 0.69629
160 41 0.85307
160 45 0.88011
160 52 0.65268
160 55 0.60537
160 60 0.64735
160 61 0.32907
160 66 0.90811
160 67 0.63976
160 71 0.77226
160 88 0.05394
160 94 0.12019
160 109 0.99351
160 110 0.379
160 112 0.80115
160 116 0.35537
160 118 0.36367
160 119 0.75285
160 126 0.20737
160 130 0.28298
160 136 0.1601
160 154 0.92889
160 155 0.25057
160 157 0.00772
160 159 0.6265
160 163 0.59602
160 166 0.83178
160 169 0.29515
160 170 0.474
160 172 0.48366
160 174 0.00428
160 175 0.15113
162 21 0.82298
162 25 0.1634
162 36 0.26184
162 41 0.3463
162 45 0.30037
162 52 0.01178
162 55 0.47624
162 60 0.9752
162 61 0.5224
162 66 0.18236
162 67 0.6576
162 71 0.88314
162 88 0.76476
162 94 0.75211
162 109 0.70183
162 110 0.79915
162 112 0.20465
162 116 0.89239
162 118 0.16348
162 119 0.84647
162 126 0.9952
162 130 0.62308
162 136 0.81407
162 154 0.9173
162 155 0.53836
162 157 0.56373
162 159 0.11186
162 163 0.69334
162 166 0.14189
162 169 0.75699
162 170 0.13424
162 172 0.44371
162 174 0.60456
162 175 0.10866
164 21 0.10412
164 25 0.15982
164 36 0.50834
164 41 0.28025
164 45 0.38633
164 52 0.01154
164 55 0.14673
164 60 0.96098
164 61 0.69606
164 66 0.5473
164 67 0.9585
164 71 0.74114
164 88 0.39543
164 94 0.28021
164 109 0.5951
164 110 0.47381
164 112 0.75792
164 116 0.24112
164 118 0.41871
164 119 0.46617
164 126 0.64377
164 130 0.52356
164 136 0.38675
164 154 0.78264
164 155 0.01689
164 157 0.28492
164 159 0.44116
164 163 0.73663
164 166 0.6919
164 169 0.89466
164 170 0.55465
164 172 0.91253
164 174 0.46241
164 175 0.26611
168 21 0.52182
168 25 0.91384
168 36 0.42243
168 41 0.89141
168 45 0.34772
168 52 0.56876
168 55 0.20586
168 60 0.18085
168 61 0.95003
168 66 0.05117
168 67 0.03501
168 71 0.12718
168 88 0.95005
168 94 0.52692
168 109 0.13263
168 110 0.20348
168 112 0.59103
168 116 0.58494
168 118 0.16944
168 119 0.47111
168 126 0.44847
168 130 0.97292
168 136 0.52383
168 154 0.46884
168 155 0.35133
168 157 0.96236
168 159 0.13052
168 163 0.05748
168 166 0.91284
168 169 0.31272
168 170 0.30909
168 172 0.5429
168 174 0.43906
168 175 0.6926
178 21 0.4641
178 25 0.31562
178 36 0.75008
178 41 0.18194
178 45 0.10652
178 52 0.13541
178 55 0.60103
178 60 0.07466
178 61 0.49101
178 66 0.43385
178 67 0.39929
178 71 0.3848
178 88 0.43557
178 94 0.60236
178 109 0.23885
178 110 0.68109
178 112 0.73786
178 116 0.87792
178 118 0.65283
178 119 0.32383
178 126 0.35588
178 130 0.78959
178 136 0.40846
178 154 0.4764
178 155 0.15763
178 157 0.63595
178 159 0.14977
178 163 0.53958
178 166 0.50194
178 169 0.79117
178 170 0.46818
178 172 0.18545
178 174 0.47076
178 175 0.23179
