27 13 0.30726
27 31 0.98587
27 33 0.67976
27 43 0.48071
27 57 0.78677
27 66 0.0783
27 69 0.54265
27 73 0.11344
27 77 0.2494
27 80 0.34188
27 81 0.42133
27 87 0.51776
27 98 0.86917
47 13 0.86118
47 31 0.82654
47 33 0.67438
47 43 0.82006
47 57 0.9201
47 66 0.80377
47 69 0.51451
47 73 0.25269
47 77 0.45257
47 80 0.70166
47 81 0.21742
47 87 0.09693
47 98 0.2085
50 13 0.7921
50 31 0.4863
50 33 0.91186
50 43 0.40286
50 57 0.75042
50 66 0.19164
50 69 0.43979
50 73 0.06318
50 77 0.01045
50 80 0.84123
50 81 0.95462
50 87 0.98007
50 98 0.20683
51 13 0.59188
51 31 0.63449
51 33 0.66812
51 43 0.42892
51 57 0.62158
51 66 0.82546
51 69 0.37317
51 73 0.49135
51 77 0.67436
51 80 0.76979
51 81 0.34944
51 87 0.31775
51 98 0.09224
52 13 0.17568
52 31 0.88565
52 33 0.92035
52 43 0.30932
52 57 0.90603
52 66 0.62393
52 69 0.49767
52 73 0.72353
52 77 0.41522
52 80 0.39768
52 81 0.51854
52 87 0.50949
52 98 0.03256
54 13 0.96842
54 31 0.84724
54 33 0.44421
54 43 0.86229
54 57 0.28762
54 66 0.18397
54 69 0.54692
54 73 0.53299
54 77 0.15714
54 80 0.65275
54 81 0.03484
54 87 0.18857
54 98 0.32363
55 13 0.12071
55 31 0.21318
55 33 0.071
55 43 0.52706
55 57 0.52864
55 66 0.45126
55 69 0.59084
55 73 0.69333
55 77 0.68794
55 80 0.44321
55 81 0.98114
55 87 0.83117
55 98 0.71694
64 13 0.58133
64 31 0.82797
64 33 0.93406
64 43 0.09849
64 57 0.34819
64 66 0.18251
64 69 0.71878
64 73 0.50101
64 77 0.73301
64 80 0.0911
64 81 0.45738
64 87 0.57418
64 98 0.23449
65 13 0.23563
65 31 0.10934
65 33 0.1778
65 43 0.5532
65 57 0.65062
65 66 0.14666
65 69 0.2619
65 73 0.31203
65 77 0.03684
65 80 0.53719
65 81 0.69062
65 87 0.37907
65 98 0.10855
76 13 0.56362
76 31 0.72415
76 33 0.15226
76 43 0.08166
76 57 0.42968
76 66 0.49179
76 69 0.0232
76 73 0.36385
76 77 0.30796
76 80 0.58752
76 81 0.88343
76 87 0.48573
76 98 0.99011
82 13 0.42703
82 31 0.08118
82 33 0.56457
82 43 0.65187
82 57 0.68019
82 66 0.43822
82 69 0.86614
82 73 0.94567
82 77 0.09437
82 80 0.72262
82 81 0.22127
82 87 0.31032
82 98 0.77785
85 13 0.45593
85 31 0.97923
85 33 0.03597
85 43 0.26792
85 57 0.16527
85 66 0.15891
85 69 0.97002
85 73 0.03475
85 77 0.78029
85 80 0.17204
85 81 0.3133
85 87 0.78618
85 98 0.35111
89 13 0.36716
89 31 0.97644
89 33 0.3136
89 43 0.69322
89 57 0.54308
89 66 0.85336
89 69 0.85615
89 73 0.04967
89 77 0.06641
89 80 0.80011
89 81 0.39996
89 87 0.86726
89 98 0.81099
95 13 0.71878
95 31 0.92408
95 33 0.51931
95 43 0.6457
95 57 0.27228
95 66 0.51213
95 69 0.46774
95 73 0.31602
95 77 0.8833
95 80 0.35311
95 81 0.28672
95 87 0.43055
95 98 0.8412
96 13 0.47049
96 31 0.12475
96 33 0.23742
96 43 0.55151
96 57 0.4952
96 66 0.42917
96 69 0.73079
96 73 0.05204
96 77 0.08638
96 80 0.65244
96 81 0.49825
96 87 0.44138
96 98 0.01499
100 13 0.14051
100 31 0.28768
100 33 0.67579
100 43 0.37002
100 57 0.42439
100 66 0.10862
100 69 0.27558
100 73 0.92731
100 77 0.36353
100 80 0.71563
100 81 0.99282
100 87 0.38174
100 98 0.62565
