14 3 0.13699
14 19 0.66037
14 22 0.79059
14 26 0.78825
14 27 0.55139
14 28 0.22681
14 34 0.78012
14 35 0.49103
14 38 0.7173
14 56 0.67398
14 58 0.86343
21 3 0.68636
21 19 0.77652
21 22 0.31513
21 26 0.45363
21 27 0.30356
21 28 0.78693
21 34 0.50627
21 35 0.11291
21 38 0.0374
21 56 0.78525
21 58 0.32467
39 3 0.64132
39 19 0.01245
39 22 0.16784
39 26 0.01379
39 27 0.69382
39 28 0.52698
39 34 0.88969
39 35 0.84711
39 38 0.9655
39 56 0.81517
39 58 0.63918
41 3 0.96996
41 19 0.89503
41 22 0.20097
41 26 0.4469
41 27 0.06381
41 28 0.06644
41 34 0.05362
41 35 0.17915
41 38 0.85509
41 56 0.53264
41 58 0.74566
42 3 0.32098
42 19 0.65859
42 22 0.43093
42 26 0.87785
42 27 0.2792
42 28 0.55628
42 34 0.38017
42 35 0.79806
42 38 0.35928
42 56 0.79141
42 58 0.20617
45 3 0.51569
45 19 0.41102
45 22 0.82973
45 26 0.94169
45 27 0.38139
45 28 0.25711
45 34 0.61359
45 35 0.41261
45 38 0.10618
45 56 0.83763
45 58 0.1726
46 3 0.43838
46 19 0.6803
46 22 0.30656
46 26 0.02577
46 27 0.64487
46 28 0.25204
46 34 0.0344
46 35 0.09201
46 38 0.92542
46 56 0.71238
46 58 0.33635
47 3 0.47505
47 19 0.65288
47 22 0.61134
47 26 0.67168
47 27 0.93942
47 28 0.32159
47 34 0.53624
47 35 0.75826
47 38 0.39551
47 56 0.13139
47 58 0.01413
48 3 0.21134
48 19 0.37535
48 22 0.22324
48 26 0.96757
48 27 0.12552
48 28 0.08312
48 34 0.601
48 35 0.37376
48 38 0.64333
48 56 0.15982
48 58 0.15083
49 3 0.75131
49 19 0.66289
49 22 0.94807
49 26 0.13154
49 27 0.79337
49 28 0.73156
49 34 0.34252
49 35 0.59799
49 38 0.36529
49 56 0.58365
49 58 0.7301
50 3 0.58322
50 19 0.35428
50 22 0.863
50 26 0.31419
50 27 0.65819
50 28 0.25788
50 34 0.59526
50 35 0.07554
50 38 0.03861
50 56 0.96515
50 58 0.26871
54 3 0.45703
54 19 0.23152
54 22 0.63193
54 26 0.11039
54 27 0.59356
54 28 0.41082
54 34 0.50953
54 35 0.60086
54 38 0.88299
54 56 0.94445
54 58 0.87671
59 3 0.98308
59 19 0.40849
59 22 0.65819
59 26 0.32496
59 27 0.2857
59 28 0.36947
59 34 0.37374
59 35 0.92241
59 38 0.93916
59 56 0.6707
59 58 0.8559
