28 18 0.95974
28 43 0.80865
28 48 0.38513
28 53 0.55744
28 58 0.16699
28 60 0.6694
28 61 0.81663
28 73 0.26802
28 84 0.22588
28 88 0.26546
28 89 0.72708
28 94 0.82336
28 96 0.64064
28 107 0.72207
28 112 0.55908
28 115 0.09797
28 116 0.16276
28 119 0.85847
28 121 0.86242
28 125 0.44679
28 128 0.1659
28 129 0.80025
28 133 0.2185
28 140 0.78832
28 148 0.29682
28 154 0.68828
28 159 0.03214
42 18 0.18758
42 43 0.90824
42 48 0.75204
42 53 0.39955
42 58 0.80401
42 60 0.48821
42 61 0.36587
42 73 0.49667
42 84 0.79709
42 88 0.31121
42 89 0.59827
42 94 0.6911
42 96 0.91605
42 107 0.50517
42 112 0.22605
42 115 0.11588
42 116 0.28164
42 119 0.35966
42 121 0.33994
42 125 0.66661
42 128 0.48518
42 129 0.54032
42 133 0.33111
42 140 0.17664
42 148 0.86747
42 154 0.47834
42 159 0.88731
49 18 0.90082
49 43 0.02003
49 48 0.90746
49 53 0.58729
49 58 0.97394
49 60 0.99833
49 61 0.98481
49 73 0.40614
49 84 0.38098
49 88 0.50635
49 89 0.27734
49 94 0.25225
49 96 0.27408
49 107 0.53946
49 112 0.24188
49 115 0.01413
49 116 0.3414
49 119 0.82939
49 121 0.20396
49 125 0.75535
49 128 0.54075
49 129 0.12969
49 133 0.94041
49 140 0.86122
49 148 0.50411
49 154 0.08424
49 159 0.35502
52 18 0.10276
52 43 0.56012
52 48 0.20522
52 53 0.69597
52 58 0.21685
52 60 0.8004
52 61 0.2251
52 73 0.14714
52 84 0.87056
52 88 0.1474
52 89 0.55466
52 94 0.57978
52 96 0.92525
52 107 0.04357
52 112 0.94244
52 115 0.65279
52 116 0.4576
52 119 0.654
52 121 0.47741
52 125 0.97387
52 128 0.55017
52 129 0.29043
52 133 0.63903
52 140 0.2942
52 148 0.25783
52 154 0.95297
52 159 0.70443
55 18 0.2982
55 43 0.70832
55 48 0.80141
55 53 0.13674
55 58 0.51137
55 60 0.72979
55 61 0.99378
55 73 0.38792
55 84 0.18908
55 88 0.6808
55 89 0.84867
55 94 0.25111
55 96 0.4197
55 107 0.0215
55 112 0.45246
55 115 0.9448
55 116 0.61174
55 119 0.77665
55 121 0.24502
55 125 0.65731
55 128 0.60737
55 129 0.32992
55 133 0.14501
55 140 0.54688
55 148 0.38284
55 154 0.93871
55 159 0.26363
68 18 0.57053
68 43 0.64502
68 48 0.87007
68 53 0.418
68 58 0.42625
68 60 0.15477
68 61 0.0155
68 73 0.74851
68 84 0.42887
68 88 0.22061
68 89 0.2959
68 94 0.19534
68 96 0.40815
68 107 0.19057
68 112 0.35461
68 115 0.57375
68 116 0.13925
68 119 0.03084
68 121 0.43704
68 125 0.87627
68 128 0.56266
68 129 0.71979
68 133 0.30382
68 140 0.13297
68 148 0.83404
68 154 0.11377
68 159 0.79651
69 18 0.36569
69 43 0.2676
69 48 0.07825
69 53 0.18728
69 58 0.50397
69 60 0.15628
69 61 0.85096
69 73 0.36031
69 84 0.37373
69 88 0.84674
69 89 0.10344
69 94 0.64703
69 96 0.29179
69 107 0.24742
69 112 0.0057
69 115 0.64552
69 116 0.02576
69 119 0.9284
69 121 0.31102
69 125 0.55518
69 128 0.7147
69 129 0.03969
69 133 0.40466
69 140 0.62813
69 148 0.87077
69 154 0.78757
69 159 0.00449
71 18 0.95515
71 43 0.2897
71 48 0.93673
71 53 0.59943
71 58 0.8164
71 60 0.98456
71 61 0.29837
71 73 0.96652
71 84 0.35559
71 88 0.5991
71 89 0.43418
71 94 0.05273
71 96 0.75595
71 107 0.99812
71 112 0.05899
71 115 0.79533
71 116 0.23398
71 119 0.85997
71 121 0.0861
71 125 0.1206
71 128 0.41405
71 129 0.15203
71 133 0.18316
71 140 0.91196
71 148 0.13593
71 154 0.08144
71 159 0.89393
76 18 0.79302
76 43 0.73439
76 48 0.58562
76 53 0.41986
76 58 0.6957
76 60 0.73549
76 61 0.13352
76 73 0.60853
76 84 0.58202
76 88 0.68076
76 89 0.61862
76 94 0.65102
76 96 0.64419
76 107 0.88719
76 112 0.70656
76 115 0.25643
76 116 0.92631
76 119 0.07684
76 121 0.95047
76 125 0.79663
76 128 0.4896
76 129 0.60645
76 133 0.55585
76 140 0.00366
76 148 0.24366
76 154 0.51463
76 159 0.65744
92 18 0.44853
92 43 0.43236
92 48 0.99654
92 53 0.96255
92 58 0.83182
92 60 0.30901
92 61 0.74024
92 73 0.34113
92 84 0.49953
92 88 0.94051
92 89 0.6608
92 94 0.95233
92 96 0.49466
92 107 0.44346
92 112 0.38441
92 115 0.76856
92 116 0.47626
92 119 0.64817
92 121 0.61015
92 125 0.54259
92 128 0.73169
92 129 0.67718
92 133 0.00254
92 140 0.57308
92 148 0.04692
92 154 0.7748
92 159 0.93277
98 18 0.37553
98 43 0.32356
98 48 0.50861
98 53 0.93085
98 58 0.97516
98 60 0.17898
98 61 0.1316
98 73 0.37454
98 84 0.22482
98 88 0.56249
98 89 0.14569
98 94 0.24841
98 96 0.9852
98 107 0.0201
98 112 0.38537
98 115 0.67247
98 116 0.13968
98 119 0.10662
98 121 0.09499
98 125 0.72659
98 128 0.05099
98 129 0.47226
98 133 0.53309
98 140 0.77459
98 148 0.91363
98 154 0.42235
98 159 0.71846
102 18 0.7842
102 43 0.43934
102 48 0.24384
102 53 0.81521
102 58 0.66473
102 60 0.14208
102 61 0.59971
102 73 0.63114
102 84 0.65948
102 88 0.37779
102 89 0.34751
102 94 0.45434
102 96 0.2407
102 107 0.41065
102 112 0.27131
102 115 0.01491
102 116 0.44686
102 119 0.95185
102 121 0.52172
102 125 0.39873
102 128 0.80174
102 129 0.29901
102 133 0.76135
102 140 0.01963
102 148 0.7538
102 154 0.15709
102 159 0.38282
108 18 0.83473
108 43 0.11644
108 48 0.73215
108 53 0.34534
108 58 0.05255
108 60 0.59804
108 61 0.72568
108 73 0.43936
108 84 0.771
108 88 0.95307
108 89 0.89983
108 94 0.34356
108 96 0.17128
108 107 0.79576
108 112 0.9401
108 115 0.39697
108 116 0.11238
108 119 0.25267
108 121 0.61797
108 125 0.49859
108 128 0.31465
108 129 0.24025
108 133 0.72518
108 140 0.61477
108 148 0.69724
108 154 0.87852
108 159 0.00612
114 18 0.62373
114 43 0.74943
114 48 0.70506
114 53 0.05848
114 58 0.54088
114 60 0.05656
114 61 0.63743
114 73 0.84762
114 84 0.05012
114 88 0.25803
114 89 0.82186
114 94 0.57703
114 96 0.62206
114 107 0.16781
114 112 0.63694
114 115 0.03707
114 116 0.5911
114 119 0.38197
114 121 0.48592
114 125 0.63088
114 128 0.17764
114 129 0.62435
114 133 0.45535
114 140 0.14676
114 148 0.60686
114 154 0.61918
114 159 0.27953
117 18 0.29328
117 43 0.0786
117 48 0.90468
117 53 0.41141
117 58 0.03412
117 60 0.8358
117 61 0.85546
117 73 0.64444
117 84 0.53819
117 88 0.08015
117 89 0.87235
117 94 0.11948
117 96 0.0639
117 107 0.91096
117 112 0.2717
117 115 0.81513
117 116 0.98175
117 119 0.40938
117 121 0.26741
117 125 0.43423
117 128 0.68713
117 129 0.40573
117 133 0.00842
117 140 0.1817
117 148 0.25064
117 154 0.34074
117 159 0.16004
122 18 0.01284
122 43 0.28758
122 48 0.39894
122 53 0.36855
122 58 0.5293
122 60 0.10499
122 61 0.39106
122 73 0.41672
122 84 0.60814
122 88 0.7577
122 89 0.79955
122 94 0.47824
122 96 0.0176
122 107 0.88243
122 112 0.22182
122 115 0.83001
122 116 0.69921
122 119 0.37222
122 121 0.25637
122 125 0.56119
122 128 0.67195
122 129 0.51878
122 133 0.35651
122 140 0.67424
122 148 0.89538
122 154 0.50815
122 159 0.61423
130 18 0.701
130 43 0.0394
130 48 0.35273
130 53 0.83278
130 58 0.08484
130 60 0.25342
130 61 0.58887
130 73 0.45423
130 84 0.20564
130 88 0.7462
130 89 0.1305
130 94 0.71943
130 96 0.09354
130 107 0.7028
130 112 0.2868
130 115 0.99161
130 116 0.87876
130 119 0.16801
130 121 0.44595
130 125 0.03343
130 128 0.82388
130 129 0.97732
130 133 0.85577
130 140 0.94292
130 148 0.84439
130 154 0.41234
130 159 0.4797
134 18 0.18601
134 43 0.06503
134 48 0.34336
134 53 0.48659
134 58 0.75193
134 60 0.01446
134 61 0.72272
134 73 0.01945
134 84 0.51459
134 88 0.17471
134 89 0.34325
134 94 0.96948
134 96 0.12611
134 107 0.01677
134 112 0.50446
134 115 0.65211
134 116 0.49423
134 119 0.1555
134 121 0.85821
134 125 0.36285
134 128 0.04592
134 129 0.24811
134 133 0.3342
134 140 0.04644
134 148 0.54767
134 154 0.19395
134 159 0.81358
138 18 0.53043
138 43 0.09701
138 48 0.25995
138 53 0.18478
138 58 0.72756
138 60 0.29101
138 61 0.27272
138 73 0.86094
138 84 0.97295
138 88 0.952
138 89 0.9409
138 94 0.40745
138 96 0.72008
138 107 0.22655
138 112 0.65061
138 115 0.05622
138 116 0.94554
138 119 0.39499
138 121 0.54847
138 125 0.88536
138 128 0.96023
138 129 0.94221
138 133 0.12066
138 140 0.22501
138 148 0.92369
138 154 0.18568
138 159 0.80032
147 18 0.15469
147 43 0.08996
147 48 0.37045
147 53 0.60874
147 58 0.094
147 60 0.23047
147 61 0.00987
147 73 0.04037
147 84 0.08477
147 88 0.88539
147 89 0.97019
147 94 0.62064
147 96 0.53096
147 107 0.13994
147 112 0.94071
147 115 0.50803
147 116 0.91788
147 119 0.34381
147 121 0.97385
147 125 0.92518
147 128 0.04852
147 129 0.08729
147 133 0.33595
147 140 0.77464
147 148 0.58634
147 154 0.13618
147 159 0.04104
153 18 0.20512
153 43 0.46242
153 48 0.39624
153 53 0.37806
153 58 0.89476
153 60 0.12152
153 61 0.36619
153 73 0.94596
153 84 0.44279
153 88 0.46012
153 89 0.06585
153 94 0.55653
153 96 0.28383
153 107 0.33413
153 112 0.03594
153 115 0.59847
153 116 0.09245
153 119 0.1436
153 121 0.64886
153 125 0.4981
153 128 0.62773
153 129 0.01299
153 133 0.18901
153 140 0.79693
153 148 0.54901
153 154 0.59947
153 159 0.06824
156 18 0.0759
156 43 0.61536
156 48 0.9369
156 53 0.73855
156 58 0.5951
156 60 0.46151
156 61 0.10085
156 73 0.68204
156 84 0.72829
156 88 0.08817
156 89 0.4395
156 94 0.55912
156 96 0.87404
156 107 0.92983
156 112 0.04642
156 115 0.70307
156 116 0.16324
156 119 0.41494
156 121 0.54129
156 125 0.42711
156 128 0.67209
156 129 0.57922
156 133 0.05671
156 140 0.13242
156 148 0.93772
156 154 0.58065
156 159 0.73193
157 18 0.89575
157 43 0.7055
157 48 0.12684
157 53 0.83917
157 58 0.4867
157 60 0.47329
157 61 0.40454
157 73 0.1331
157 84 0.66073
157 88 0.17163
157 89 0.41814
157 94 0.73725
157 96 0.29787
157 107 0.49985
157 112 0.05356
157 115 0.13725
157 116 0.4889
157 119 0.29623
157 121 0.01395
157 125 0.61838
157 128 0.44053
157 129 0.52986
157 133 0.511
157 140 0.45731
157 148 0.73891
157 154 0.42864
157 159 0.20168
