27 13 0.69041
27 31 0.16942
27 33 0.32392
27 57 0.65774
27 73 0.81095
27 77 0.51102
27 80 0.63159
27 81 0.65497
27 87 0.39989
27 98 0.70525
27 104 0.24558
27 106 0.24948
27 108 0.10675
51 13 0.50105
51 31 0.6658
51 33 0.6416
51 57 0.35168
51 73 0.54515
51 77 0.34333
51 80 0.06212
51 81 0.93415
51 87 0.20387
51 98 0.60788
51 104 0.39192
51 106 0.35525
51 108 0.94637
52 13 0.08484
52 31 0.09289
52 33 0.70341
52 57 0.76017
52 73 0.735
52 77 0.48762
52 80 0.27576
52 81 0.43969
52 87 0.15685
52 98 0.74633
52 104 0.23723
52 106 0.95798
52 108 0.74623
54 13 0.36237
54 31 0.54851
54 33 0.83334
54 57 0.78678
54 73 0.74803
54 77 0.98858
54 80 0.01571
54 81 0.58707
54 87 0.99993
54 98 0.28761
54 104 0.64659
54 106 0.77839
54 108 0.13969
55 13 0.59066
55 31 0.94848
55 33 0.67501
55 57 0.75011
55 73 0.87203
55 77 0.83413
55 80 0.91934
55 81 0.84813
55 87 0.07421
55 98 0.68193
55 104 0.45858
55 106 0.20896
55 108 0.62681
64 13 0.11837
64 31 0.95402
64 33 0.51914
64 57 0.32534
64 73 0.60897
64 77 0.04747
64 80 0.51328
64 81 0.51598
64 87 0.65983
64 98 0.4779
64 104 0.09226
64 106 0.03764
64 108 0.99344
65 13 0.63934
65 31 0.36428
65 33 0.34116
65 57 0.36122
65 73 0.59088
65 77 0.15376
65 80 0.59916
65 81 0.46204
65 87 0.03973
65 98 0.73294
65 104 0.84146
65 106 0.6028
65 108 0.16295
76 13 0.83795
76 31 0.67271
76 33 0.82777
76 57 0.94173
76 73 0.89525
76 77 0.63081
76 80 0.94238
76 81 0.48399
76 87 0.5228
76 98 0.44119
76 104 0.6723
76 106 0.98985
76 108 0.96459
82 13 0.96728
82 31 0.08759
82 33 0.49145
82 57 0.65978
82 73 0.49904
82 77 0.94906
82 80 0.08611
82 81 0.37944
82 87 0.57358
82 98 0.77915
82 104 0.01473
82 106 0.65792
82 108 0.4053
85 13 0.94635
85 31 0.45865
85 33 0.47388
85 57 0.05982
85 73 0.1897
85 77 0.97349
85 80 0.83434
85 81 0.2462
85 87 0.06307
85 98 0.92171
85 104 0.70576
85 106 0.97206
85 108 0.97254
89 13 0.38498
89 31 0.52569
89 33 0.64369
89 57 0.75114
89 73 0.93451
89 77 0.97084
89 80 0.72496
89 81 0.90002
89 87 0.2091
89 98 0.45871
89 104 0.96234
89 106 0.85164
89 108 0.32073
96 13 0.39267
96 31 0.00056
96 33 0.00461
96 57 0.49518
96 73 0.94533
96 77 0.37185
96 80 0.62284
96 81 0.48145
96 87 0.83938
96 98 0.83994
96 104 0.72897
96 106 0.88869
96 108 0.13654
100 13 0.43099
100 31 0.86308
100 33 0.94951
100 57 0.80184
100 73 0.62602
100 77 0.92822
100 80 0.53071
100 81 0.45972
100 87 0.26782
100 98 0.51113
100 104 0.44453
100 106 0.16062
100 108 0.52631
101 13 0.41349
101 31 0.06386
101 33 0.98068
101 57 0.04445
101 73 0.2623
101 77 0.2331
101 80 0.82867
101 81 0.08442
101 87 0.88703
101 98 0.93335
101 104 0.22465
101 106 0.15882
101 108 0.60504
109 13 0.53315
109 31 0.24728
109 33 0.2561
109 57 0.79133
109 73 0.40421
109 77 0.09694
109 80 0.9485
109 81 0.56451
109 87 0.33511
109 98 0.16293
109 104 0.12268
109 106 0.59205
109 108 0.87776
110 13 0.14178
110 31 0.64127
110 33 0.25281
110 57 0.69323
110 73 0.7798
110 77 0.93889
110 80 0.20945
110 81 0.02369
110 87 0.05849
110 98 0.75023
110 104 0.62576
110 106 0.02941
110 108 0.00902
115 13 0.30159
115 31 0.36798
115 33 0.11642
115 57 0.51546
115 73 0.51235
115 77 0.43235
115 80 0.7737
115 81 0.7107
115 87 0.07383
115 98 0.98064
115 104 0.71977
115 106 0.2002
115 108 0.42234
