28 12 0.67985
28 18 0.7778
28 33 0.98837
28 39 0.40314
28 43 0.70594
28 48 0.46458
28 53 0.88547
28 58 0.15041
28 60 0.50431
28 61 0.76579
28 73 0.47307
28 77 0.8796
42 12 0.16606
42 18 0.54982
42 33 0.35692
42 39 0.50733
42 43 0.68935
42 48 0.67551
42 53 0.26386
42 58 0.32036
42 60 0.1351
42 61 0.75096
42 73 0.52354
42 77 0.85253
49 12 0.40989
49 18 0.61484
49 33 0.54004
49 39 0.36889
49 43 0.11938
49 48 0.91975
49 53 0.47034
49 58 0.72941
49 60 0.91339
49 61 0.88605
49 73 0.2177
49 77 0.81875
52 12 0.01374
52 18 0.21777
52 33 0.93279
52 39 0.03307
52 43 0.24205
52 48 0.51476
52 53 0.58099
52 58 0.08204
52 60 0.35579
52 61 0.92974
52 73 0.17831
52 77 0.29446
55 12 0.65106
55 18 0.5023
55 33 0.76349
55 39 0.81733
55 43 0.64482
55 48 0.26197
55 53 0.83128
55 58 0.37207
55 60 0.92365
55 61 0.09356
55 73 0.55912
55 77 0.62459
57 12 0.82025
57 18 0.38137
57 33 0.78521
57 39 0.17263
57 43 0.98797
57 48 0.13685
57 53 0.47074
57 58 0.92182
57 60 0.21498
57 61 0.82238
57 73 0.52436
57 77 0.46002
68 12 0.63346
68 18 0.61873
68 33 0.6045
68 39 0.14549
68 43 0.68088
68 48 0.31019
68 53 0.72863
68 58 0.50587
68 60 0.52349
68 61 0.92555
68 73 0.73327
68 77 0.75572
69 12 0.24339
69 18 0.94895
69 33 0.7995
69 39 0.49476
69 43 0.56177
69 48 0.32187
69 53 0.4322
69 58 0.56321
69 60 0.18311
69 61 0.28991
69 73 0.60513
69 77 0.94375
70 12 0.8866
70 18 0.94987
70 33 0.97985
70 39 0.52805
70 43 0.2482
70 48 0.35526
70 53 0.28999
70 58 0.43785
70 60 0.07016
70 61 0.24914
70 73 0.69302
70 77 0.06833
71 12 0.99475
71 18 0.2648
71 33 0.48865
71 39 0.2601
71 43 0.53945
71 48 0.19488
71 53 0.33998
71 58 0.63013
71 60 0.53589
71 61 0.93208
71 73 0.05184
71 77 0.90061
74 12 0.56853
74 18 0.70166
74 33 0.65129
74 39 0.75324
74 43 0.35964
74 48 0.98829
74 53 0.38143
74 58 0.65238
74 60 0.45654
74 61 0.2857
74 73 0.0114
74 77 0.51676
76 12 0.47536
76 18 0.20965
76 33 0.04409
76 39 0.49441
76 43 0.38703
76 48 0.97826
76 53 0.98074
76 58 0.86639
76 60 0.65309
76 61 0.12259
76 73 0.87729
76 77 0.9412
78 12 0.66584
78 18 0.50776
78 33 0.3089
78 39 0.13634
78 43 0.52837
78 48 0.04
78 53 0.08181
78 58 0.73488
78 60 0.60654
78 61 0.33552
78 73 0.39803
78 77 0.64541
