1 2
1 3
3 2
4 1
1 4
5 1
4 5
4 6
1 6
2 7
1 7
8 6
8 4
9 4
9 1
5 10
1 10
11 9
11 4
1 12
5 12
5 13
8 13
4 14
14 1
1 15
15 8
8 16
6 16
17 14
17 1
1 18
18 5
19 7
19 14
20 1
14 20
1 21
21 12
22 9
7 22
23 21
23 4
24 5
6 24
25 1
8 25
16 26
4 26
27 1
27 17
28 8
2 28
29 1
15 29
30 18
14 30
20 31
21 31
9 32
32 6
2 33
22 33
1 34
26 34
35 11
7 35
26 36
24 36
37 1
37 17
3 38
1 38
39 37
39 21
1 40
40 37
41 1
37 41
42 21
28 42
38 43
11 43
15 44
44 1
45 1
36 45
26 46
46 3
47 30
47 11
48 10
34 48
26 49
49 18
50 11
50 30
51 30
51 43
52 1
52 34
53 8
44 53
54 7
54 19
55 12
55 33
34 56
56 21
18 57
4 57
4 58
58 1
59 48
26 59
1 60
60 21
61 23
39 61
62 4
62 56
63 17
10 63
64 60
64 34
65 24
65 4
25 66
1 66
67 26
15 67
68 6
21 68
51 69
7 69
49 70
70 18
25 71
71 39
72 12
19 72
61 73
14 73
49 74
1 74
1 75
75 39
76 41
76 1
1 77
20 77
78 8
18 78
79 12
1 79
50 80
34 80
30 81
1 81
82 1
82 59
83 18
23 83
74 84
84 44
85 9
85 9
53 86
86 30
3 87
1 87
88 66
1 88
89 75
89 4
90 11
2 90
23 91
91 70
92 19
5 92
14 93
93 70
65 94
94 61
95 3
95 20
96 44
96 62
12 97
97 14
71 98
1 98
99 1
26 99
100 34
100 1
