27 13 0.79853
27 31 0.07673
27 33 0.85778
27 57 0.87484
27 69 0.67564
27 73 0.16548
27 77 0.63756
27 80 0.55648
27 81 0.736
27 87 0.65933
27 98 0.06737
27 104 0.98348
27 106 0.35781
27 108 0.55134
47 13 0.97825
47 31 0.60819
47 33 0.73312
47 57 0.53623
47 69 0.66865
47 73 0.71601
47 77 0.20714
47 80 0.40796
47 81 0.7605
47 87 0.72838
47 98 0.84111
47 104 0.02028
47 106 0.03705
47 108 0.4204
50 13 0.65972
50 31 0.43664
50 33 0.29596
50 57 0.08011
50 69 0.80132
50 73 0.86284
50 77 0.57393
50 80 0.78063
50 81 0.81122
50 87 0.39103
50 98 0.39666
50 104 0.85572
50 106 0.3817
50 108 0.84973
51 13 0.47717
51 31 0.70017
51 33 0.41606
51 57 0.52015
51 69 0.46376
51 73 0.98013
51 77 0.92765
51 80 0.53942
51 81 0.67904
51 87 0.5243
51 98 0.18159
51 104 0.92554
51 106 0.80626
51 108 0.24071
52 13 0.92715
52 31 0.47008
52 33 0.3138
52 57 0.04273
52 69 0.19562
52 73 0.8596
52 77 0.55942
52 80 0.64185
52 81 0.48205
52 87 0.95963
52 98 0.33546
52 104 0.68118
52 106 0.54234
52 108 0.07448
54 13 0.23004
54 31 0.61176
54 33 0.01378
54 57 0.85537
54 69 0.17658
54 73 0.41159
54 77 0.77474
54 80 0.55475
54 81 0.47591
54 87 0.53844
54 98 0.77997
54 104 0.54841
54 106 0.09305
54 108 0.52164
55 13 0.27158
55 31 0.64928
55 33 0.23934
55 57 0.5329
55 69 0.40529
55 73 0.82079
55 77 0.46665
55 80 0.04895
55 81 0.32789
55 87 0.86873
55 98 0.69199
55 104 0.59564
55 106 0.35408
55 108 0.15329
64 13 0.81858
64 31 0.8933
64 33 0.2871
64 57 0.84691
64 69 0.89885
64 73 0.63051
64 77 0.34517
64 80 0.33258
64 81 0.64606
64 87 0.63315
64 98 0.53328
64 104 0.25076
64 106 0.55546
64 108 0.74249
65 13 0.47243
65 31 0.21461
65 33 0.88878
65 57 0.85494
65 69 0.07751
65 73 0.75488
65 77 0.2137
65 80 0.59951
65 81 0.86295
65 87 0.10839
65 98 0.69323
65 104 0.64687
65 106 0.63509
65 108 0.74932
76 13 0.25316
76 31 0.43943
76 33 0.3539
76 57 0.94957
76 69 0.55562
76 73 0.51558
76 77 0.55614
76 80 0.98459
76 81 0.5596
76 87 0.90092
76 98 0.25283
76 104 0.6176
76 106 0.79459
76 108 0.13617
82 13 0.94054
82 31 0.73014
82 33 0.2877
82 57 0.72366
82 69 0.44356
82 73 0.25737
82 77 0.02801
82 80 0.03616
82 81 0.01555
82 87 0.1959
82 98 0.93069
82 104 0.98123
82 106 0.47286
82 108 0.57247
85 13 0.20708
85 31 0.63547
85 33 0.52241
85 57 0.16192
85 69 0.3227
85 73 0.5347
85 77 0.42712
85 80 0.97184
85 81 0.54933
85 87 0.85398
85 98 0.44628
85 104 0.20072
85 106 0.08022
85 108 0.20151
89 13 0.61078
89 31 0.54631
89 33 0.04662
89 57 0.27315
89 69 0.82264
89 73 0.85388
89 77 0.20654
89 80 0.60209
89 81 0.57401
89 87 0.99006
89 98 0.40833
89 104 0.69463
89 106 0.72362
89 108 0.4202
96 13 0.72597
96 31 0.47405
96 33 0.77283
96 57 0.75242
96 69 0.81085
96 73 0.60289
96 77 0.84804
96 80 0.465
96 81 0.98933
96 87 0.78843
96 98 0.84762
96 104 0.53641
96 106 0.67687
96 108 0.43463
100 13 0.95978
100 31 0.69067
100 33 0.79912
100 57 0.48138
100 69 0.35098
100 73 0.15168
100 77 0.51354
100 80 0.50344
100 81 0.09312
100 87 0.30097
100 98 0.74301
100 104 0.23954
100 106 0.99811
100 108 0.3068
101 13 0.85253
101 31 0.16861
101 33 0.38151
101 57 0.29981
101 69 0.38394
101 73 0.97278
101 77 0.93773
101 80 0.42326
101 81 0.09728
101 87 0.84245
101 98 0.1809
101 104 0.87623
101 106 0.41567
101 108 0.11329
109 13 0.48867
109 31 0.98755
109 33 0.86308
109 57 0.8108
109 69 0.85903
109 73 0.34251
109 77 0.11673
109 80 0.50732
109 81 0.0642
109 87 0.49737
109 98 0.66706
109 104 0.56703
109 106 0.98231
109 108 0.90887
110 13 0.29856
110 31 0.41708
110 33 0.64427
110 57 0.38239
110 69 0.63804
110 73 0.39169
110 77 0.63442
110 80 0.92276
110 81 0.97479
110 87 0.16956
110 98 0.69811
110 104 0.23002
110 106 0.26144
110 108 0.17513
