11 23 0.74732
11 33 0.67081
11 35 0.92485
11 39 0.43469
11 43 0.44502
11 44 0.44117
11 46 0.39446
11 49 0.18697
11 50 0.02483
11 53 0.06469
11 55 0.09516
11 59 0.85792
11 60 0.1636
22 23 0.83919
22 33 0.76009
22 35 0.64808
22 39 0.63198
22 43 0.77698
22 44 0.72417
22 46 0.98995
22 49 0.17258
22 50 0.22344
22 53 0.96136
22 55 0.47467
22 59 0.58399
22 60 0.40661
30 23 0.65554
30 33 0.87978
30 35 0.5081
30 39 0.79867
30 43 0.50483
30 44 0.53819
30 46 0.85184
30 49 0.26451
30 50 0.85186
30 53 0.53183
30 55 0.7105
30 59 0.88508
30 60 0.24625
36 23 0.41294
36 33 0.74826
36 35 0.5793
36 39 0.21979
36 43 0.59861
36 44 0.085
36 46 0.5833
36 49 0.44501
36 50 0.95769
36 53 0.95055
36 55 0.08257
36 59 0.5358
36 60 0.12352
45 23 0.39181
45 33 0.10613
45 35 0.63963
45 39 0.73794
45 43 0.77535
45 44 0.6614
45 46 0.14791
45 49 0.34371
45 50 0.78171
45 53 0.16048
45 55 0.81195
45 59 0.58689
45 60 0.40876
52 23 0.78805
52 33 0.32595
52 35 0.41803
52 39 0.59562
52 43 0.40671
52 44 0.14783
52 46 0.65839
52 49 0.51469
52 50 0.77319
52 53 0.4903
52 55 0.52853
52 59 0.51771
52 60 0.88482
56 23 0.71248
56 33 0.60727
56 35 0.06121
56 39 0.07014
56 43 0.49118
56 44 0.79014
56 46 0.52838
56 49 0.44105
56 50 0.14278
56 53 0.83832
56 55 0.54412
56 59 0.09467
56 60 0.60346
57 23 0.05059
57 33 0.06869
57 35 0.28745
57 39 0.73452
57 43 0.72409
57 44 0.08907
57 46 0.51899
57 49 0.351
57 50 0.81933
57 53 0.71111
57 55 0.02195
57 59 0.23213
57 60 0.31343
