17 21 0.61064
17 25 0.919
17 36 0.5549
17 41 0.14069
17 45 0.65712
17 52 0.30995
17 53 0.47107
17 55 0.36066
17 60 0.28859
17 61 0.07918
17 66 0.15593
17 67 0.0257
17 71 0.10823
17 74 0.90739
46 21 0.54094
46 25 0.26425
46 36 0.53128
46 41 0.59206
46 45 0.8878
46 52 0.41838
46 53 0.51411
46 55 0.44874
46 60 0.91519
46 61 0.92808
46 66 0.62447
46 67 0.914
46 71 0.5657
46 74 0.06521
49 21 0.96806
49 25 0.74802
49 36 0.34584
49 41 0.79045
49 45 0.67655
49 52 0.11392
49 53 0.89086
49 55 0.68399
49 60 0.62817
49 61 0.23771
49 66 0.40843
49 67 0.91814
49 71 0.06936
49 74 0.0944
62 21 0.27073
62 25 0.51575
62 36 0.51306
62 41 0.6036
62 45 0.47137
62 52 0.94796
62 53 0.77597
62 55 0.69227
62 60 0.15761
62 61 0.49775
62 66 0.12957
62 67 0.92005
62 71 0.12312
62 74 0.80289
69 21 0.38421
69 25 0.84547
69 36 0.62062
69 41 0.26631
69 45 0.1223
69 52 0.10094
69 53 0.64806
69 55 0.8395
69 60 0.12961
69 61 0.87981
69 66 0.97874
69 67 0.57782
69 71 0.68705
69 74 0.424
75 21 0.19142
75 25 0.00673
75 36 0.84942
75 41 0.73783
75 45 0.66306
75 52 0.03394
75 53 0.58539
75 55 0.09806
75 60 0.17075
75 61 0.37637
75 66 0.20961
75 67 0.91714
75 71 0.83448
75 74 0.36553
76 21 0.36018
76 25 0.29136
76 36 0.67721
76 41 0.66206
76 45 0.22287
76 52 0.34901
76 53 0.36934
76 55 0.05893
76 60 0.65975
76 61 0.95938
76 66 0.00854
76 67 0.25897
76 71 0.65725
76 74 0.16766
77 21 0.69041
77 25 0.61817
77 36 0.51549
77 41 0.14474
77 45 0.75974
77 52 0.11318
77 53 0.17112
77 55 0.85544
77 60 0.83745
77 61 0.1927
77 66 0.84223
77 67 0.43877
77 71 0.36371
77 74 0.14513
78 21 0.98593
78 25 0.50053
78 36 0.4175
78 41 0.52838
78 45 0.11031
78 52 0.35493
78 53 0.60157
78 55 0.53564
78 60 0.51259
78 61 0.19276
78 66 0.9178
78 67 0.96349
78 71 0.00163
78 74 0.24408
79 21 0.46649
79 25 0.58433
79 36 0.01136
79 41 0.50399
79 45 0.22238
79 52 0.53755
79 53 0.95095
79 55 0.05306
79 60 0.63024
79 61 0.09998
79 66 0.33879
79 67 0.77965
79 71 0.94708
79 74 0.90068
80 21 0.41308
80 25 0.12238
80 36 0.88214
80 41 0.80127
80 45 0.29819
80 52 0.09378
80 53 0.18711
80 55 0.62155
80 60 0.08259
80 61 0.95308
80 66 0.40093
80 67 0.74752
80 71 0.81893
80 74 0.28483
