39 19 0.12568
39 22 0.22367
39 27 0.32852
39 28 0.69011
39 35 0.08711
39 58 0.14189
39 61 0.08675
39 62 0.08645
39 66 0.18576
39 69 0.08284
39 70 0.02879
39 72 0.60808
39 73 0.25275
39 76 0.80524
39 79 0.89732
39 85 0.65408
39 88 0.7888
39 89 0.99439
39 91 0.87875
39 103 0.96132
39 109 0.99632
39 110 0.72288
39 114 0.08161
39 116 0.33041
39 119 0.98252
41 19 0.15264
41 22 0.64249
41 27 0.90918
41 28 0.71723
41 35 0.08225
41 58 0.55859
41 61 0.58045
41 62 0.49416
41 66 0.7063
41 69 0.2475
41 70 0.01025
41 72 0.07282
41 73 0.78825
41 76 0.65566
41 79 0.08499
41 85 0.34358
41 88 0.63077
41 89 0.17904
41 91 0.97621
41 103 0.66472
41 109 0.7877
41 110 0.36515
41 114 0.03307
41 116 0.0832
41 119 0.01534
42 19 0.60829
42 22 0.81459
42 27 0.88638
42 28 0.80654
42 35 0.5207
42 58 0.86284
42 61 0.55397
42 62 0.22106
42 66 0.32902
42 69 0.58095
42 70 0.71964
42 72 0.70544
42 73 0.17899
42 76 0.14766
42 79 0.78134
42 85 0.76497
42 88 0.80569
42 89 0.49164
42 91 0.91745
42 103 0.55627
42 109 0.53743
42 110 0.47036
42 114 0.13509
42 116 0.25264
42 119 0.51587
45 19 0.79046
45 22 0.98392
45 27 0.27375
45 28 0.44601
45 35 0.62532
45 58 0.07116
45 61 0.92513
45 62 0.41136
45 66 0.21468
45 69 0.72203
45 70 0.26627
45 72 0.12005
45 73 0.91672
45 76 0.31519
45 79 0.56578
45 85 0.99764
45 88 0.55905
45 89 0.47138
45 91 0.6337
45 103 0.94142
45 109 0.07138
45 110 0.88103
45 114 0.31403
45 116 0.22461
45 119 0.56829
46 19 0.21054
46 22 0.28296
46 27 0.2849
46 28 0.08034
46 35 0.43244
46 58 0.43275
46 61 0.29924
46 62 0.91884
46 66 0.4468
46 69 0.93767
46 70 0.50949
46 72 0.35
46 73 0.61478
46 76 0.81987
46 79 0.81028
46 85 0.87115
46 88 0.33433
46 89 0.09453
46 91 0.05016
46 103 0.65867
46 109 0.74268
46 110 0.98008
46 114 0.00116
46 116 0.34156
46 119 0.65931
48 19 0.96199
48 22 0.29632
48 27 0.57156
48 28 0.01935
48 35 0.1945
48 58 0.063
48 61 0.9308
48 62 0.50196
48 66 0.80715
48 69 0.0109
48 70 0.21051
48 72 0.13898
48 73 0.82254
48 76 0.84475
48 79 0.07619
48 85 0.31088
48 88 0.17748
48 89 0.83206
48 91 0.82828
48 103 0.6443
48 109 0.15802
48 110 0.40671
48 114 0.33409
48 116 0.52789
48 119 0.31799
49 19 0.58892
49 22 0.5284
49 27 0.11889
49 28 0.72615
49 35 0.07924
49 58 0.71242
49 61 0.78591
49 62 0.92232
49 66 0.60894
49 69 0.27069
49 70 0.34943
49 72 0.46472
49 73 0.81612
49 76 0.78766
49 79 0.55565
49 85 0.34298
49 88 0.94096
49 89 0.6635
49 91 0.83906
49 103 0.44585
49 109 0.76002
49 110 0.677
49 114 0.6295
49 116 0.98046
49 119 0.64804
50 19 0.16463
50 22 0.9575
50 27 0.79676
50 28 0.67534
50 35 0.94582
50 58 0.18292
50 61 0.53213
50 62 0.10943
50 66 0.08864
50 69 0.77248
50 70 0.89099
50 72 0.8934
50 73 0.76196
50 76 0.35989
50 79 0.86457
50 85 0.95025
50 88 0.94545
50 89 0.54054
50 91 0.49471
50 103 0.00732
50 109 0.14209
50 110 0.63558
50 114 0.09744
50 116 0.2244
50 119 0.18276
59 19 0.31347
59 22 0.34108
59 27 0.21713
59 28 0.60619
59 35 0.28045
59 58 0.3284
59 61 0.14174
59 62 0.47811
59 66 0.46237
59 69 0.76243
59 70 0.77599
59 72 0.06328
59 73 0.53615
59 76 0.62208
59 79 0.51758
59 85 0.75463
59 88 0.54615
59 89 0.29208
59 91 0.4539
59 103 0.52345
59 109 0.56703
59 110 0.64912
59 114 0.37564
59 116 0.9133
59 119 0.40445
74 19 0.82697
74 22 0.71842
74 27 0.51527
74 28 0.30357
74 35 0.27216
74 58 0.31878
74 61 0.38804
74 62 0.7618
74 66 0.7524
74 69 0.76588
74 70 0.92559
74 72 0.32074
74 73 0.48426
74 76 0.13642
74 79 0.81909
74 85 0.54868
74 88 0.7339
74 89 0.94399
74 91 0.40641
74 103 0.8479
74 109 0.74537
74 110 0.38401
74 114 0.61776
74 116 0.13249
74 119 0.2701
75 19 0.04332
75 22 0.90793
75 27 0.32023
75 28 0.44336
75 35 0.67717
75 58 0.37549
75 61 0.91153
75 62 0.86541
75 66 0.37496
75 69 0.77269
75 70 0.31791
75 72 0.30856
75 73 0.3915
75 76 0.51974
75 79 0.77145
75 85 0.95869
75 88 0.73948
75 89 0.04983
75 91 0.16403
75 103 0.72722
75 109 0.74536
75 110 0.18701
75 114 0.30799
75 116 0.18484
75 119 0.73988
78 19 0.24873
78 22 0.51061
78 27 0.37583
78 28 0.31765
78 35 0.60079
78 58 0.39267
78 61 0.75458
78 62 0.44148
78 66 0.98936
78 69 0.1432
78 70 0.20615
78 72 0.74382
78 73 0.08795
78 76 0.31523
78 79 0.69085
78 85 0.21924
78 88 0.50036
78 89 0.19677
78 91 0.29047
78 103 0.56132
78 109 0.07071
78 110 0.1773
78 114 0.54837
78 116 0.14886
78 119 0.87239
81 19 0.80108
81 22 0.20212
81 27 0.80162
81 28 0.66605
81 35 0.92016
81 58 0.45792
81 61 0.48369
81 62 0.88149
81 66 0.55211
81 69 0.27243
81 70 0.94157
81 72 0.22097
81 73 0.89716
81 76 0.26916
81 79 0.23071
81 85 0.87934
81 88 0.04878
81 89 0.51794
81 91 0.84185
81 103 0.7982
81 109 0.17271
81 110 0.57496
81 114 0.77542
81 116 0.16665
81 119 0.86214
84 19 0.31382
84 22 0.30432
84 27 0.66961
84 28 0.3581
84 35 0.36224
84 58 0.28664
84 61 0.78261
84 62 0.63564
84 66 0.68329
84 69 0.12935
84 70 0.53304
84 72 0.63175
84 73 0.39702
84 76 0.57378
84 79 0.24318
84 85 0.43717
84 88 0.45644
84 89 0.47219
84 91 0.91224
84 103 0.43846
84 109 0.25934
84 110 0.92875
84 114 0.72136
84 116 0.36326
84 119 0.42874
90 19 0.91514
90 22 0.19422
90 27 0.9621
90 28 0.3855
90 35 0.86214
90 58 0.40785
90 61 0.17544
90 62 0.69712
90 66 0.43141
90 69 0.75892
90 70 0.10663
90 72 0.60649
90 73 0.22511
90 76 0.2041
90 79 0.89542
90 85 0.49693
90 88 0.98302
90 89 0.97488
90 91 0.56333
90 103 0.71256
90 109 0.2836
90 110 0.78352
90 114 0.32114
90 116 0.8054
90 119 0.42447
92 19 0.87819
92 22 0.70182
92 27 0.26719
92 28 0.38615
92 35 0.8842
92 58 0.84259
92 61 0.55486
92 62 0.11438
92 66 0.51297
92 69 0.93071
92 70 0.67908
92 72 0.12848
92 73 0.13238
92 76 0.92105
92 79 0.91203
92 85 0.96723
92 88 0.73913
92 89 0.6384
92 91 0.41008
92 103 0.09334
92 109 0.55528
92 110 0.38743
92 114 0.02762
92 116 0.38524
92 119 0.9553
95 19 0.56043
95 22 0.82116
95 27 0.82836
95 28 0.44228
95 35 0.13349
95 58 0.47462
95 61 0.67613
95 62 0.76019
95 66 0.98497
95 69 0.36461
95 70 0.39788
95 72 0.58974
95 73 0.48343
95 76 0.65031
95 79 0.70629
95 85 0.7803
95 88 0.1223
95 89 0.85523
95 91 0.87834
95 103 0.58741
95 109 0.86977
95 110 0.66186
95 114 0.98612
95 116 0.24464
95 119 0.19079
98 19 0.30308
98 22 0.2351
98 27 0.78543
98 28 0.55821
98 35 0.93877
98 58 0.3559
98 61 0.97224
98 62 0.24335
98 66 0.92247
98 69 0.94923
98 70 0.0878
98 72 0.17088
98 73 0.68427
98 76 0.47446
98 79 0.36846
98 85 0.03011
98 88 0.36111
98 89 0.52974
98 91 0.50042
98 103 0.52651
98 109 0.6647
98 110 0.87692
98 114 0.0014
98 116 0.5671
98 119 0.63437
99 19 0.41293
99 22 0.49848
99 27 0.85044
99 28 0.71399
99 35 0.02055
99 58 0.41449
99 61 0.11399
99 62 0.13334
99 66 0.22426
99 69 0.05207
99 70 0.64812
99 72 0.1675
99 73 0.75759
99 76 0.41354
99 79 0.38988
99 85 0.41839
99 88 0.91241
99 89 0.00017
99 91 0.79045
99 103 0.58115
99 109 0.23155
99 110 0.23059
99 114 0.40749
99 116 0.04187
99 119 0.94203
106 19 0.22728
106 22 0.2545
106 27 0.89042
106 28 0.80982
106 35 0.15165
106 58 0.80431
106 61 0.57116
106 62 0.86056
106 66 0.06085
106 69 0.82014
106 70 0.29788
106 72 0.1058
106 73 0.57883
106 76 0.23829
106 79 0.71983
106 85 0.75699
106 88 0.24025
106 89 0.68042
106 91 0.79783
106 103 0.59956
106 109 0.67714
106 110 0.42243
106 114 0.97146
106 116 0.66929
106 119 0.1467
112 19 0.54206
112 22 0.66454
112 27 0.38613
112 28 0.05299
112 35 0.80642
112 58 0.84268
112 61 0.28849
112 62 0.86222
112 66 0.7943
112 69 0.01571
112 70 0.24859
112 72 0.18328
112 73 0.03856
112 76 0.41886
112 79 0.28918
112 85 0.89006
112 88 0.71842
112 89 0.56361
112 91 0.85147
112 103 0.47865
112 109 0.46521
112 110 0.27263
112 114 0.47544
112 116 0.46843
112 119 0.02216
120 19 0.13362
120 22 0.92875
120 27 0.81011
120 28 0.48189
120 35 0.64074
120 58 0.36335
120 61 0.07096
120 62 0.57534
120 66 0.98784
120 69 0.75353
120 70 0.15392
120 72 0.04783
120 73 0.27961
120 76 0.65858
120 79 0.75898
120 85 0.5593
120 88 0.0155
120 89 0.38745
120 91 0.77694
120 103 0.41894
120 109 0.06611
120 110 0.40051
120 114 0.60719
120 116 0.46815
120 119 0.64149
121 19 0.97709
121 22 0.47128
121 27 0.96053
121 28 0.85904
121 35 0.1891
121 58 0.0726
121 61 0.6566
121 62 0.11247
121 66 0.1498
121 69 0.53376
121 70 0.78444
121 72 0.97656
121 73 0.95764
121 76 0.62326
121 79 0.13044
121 85 0.23109
121 88 0.94711
121 89 0.44285
121 91 0.14273
121 103 0.93957
121 109 0.09227
121 110 0.589
121 114 0.72652
121 116 0.9814
121 119 0.07172
130 19 0.72222
130 22 0.59867
130 27 0.14493
130 28 0.59125
130 35 0.85636
130 58 0.79595
130 61 0.79812
130 62 0.50017
130 66 0.16659
130 69 0.15288
130 70 0.88206
130 72 0.11496
130 73 0.14806
130 76 0.86011
130 79 0.45814
130 85 0.16451
130 88 0.52443
130 89 0.47333
130 91 0.96156
130 103 0.69539
130 109 0.01666
130 110 0.50983
130 114 0.78482
130 116 0.53235
130 119 0.05531
