22 33 0.8671
22 39 0.39899
22 43 0.54987
22 46 0.66513
22 50 0.60167
22 53 0.91562
22 55 0.86205
22 59 0.71626
22 71 0.55942
22 75 0.81437
22 80 0.94821
22 82 0.80507
22 84 0.16028
22 89 0.08058
22 90 0.78655
22 101 0.75093
22 103 0.39913
22 105 0.5186
45 33 0.1118
45 39 0.20882
45 43 0.53695
45 46 0.3542
45 50 0.81648
45 53 0.91233
45 55 0.18201
45 59 0.81871
45 71 0.11322
45 75 0.46159
45 80 0.16613
45 82 0.89948
45 84 0.66619
45 89 0.58179
45 90 0.01028
45 101 0.39411
45 103 0.03678
45 105 0.78881
52 33 0.22319
52 39 0.72321
52 43 0.01867
52 46 0.65816
52 50 0.66522
52 53 0.06914
52 55 0.34429
52 59 0.66679
52 71 0.12461
52 75 0.44742
52 80 0.96675
52 82 0.67342
52 84 0.87413
52 89 0.17827
52 90 0.58313
52 101 0.7155
52 103 0.40309
52 105 0.16792
57 33 0.97818
57 39 0.06939
57 43 0.85557
57 46 0.3119
57 50 0.35361
57 53 0.78521
57 55 0.06165
57 59 0.08188
57 71 0.77251
57 75 0.45688
57 80 0.7699
57 82 0.62846
57 84 0.52908
57 89 0.04869
57 90 0.67459
57 101 0.15015
57 103 0.65596
57 105 0.82045
67 33 0.89037
67 39 0.30742
67 43 0.41825
67 46 0.73302
67 50 0.68809
67 53 0.60072
67 55 0.02306
67 59 0.30795
67 71 0.80178
67 75 0.65997
67 80 0.80963
67 82 0.60906
67 84 0.69445
67 89 0.76281
67 90 0.11131
67 101 0.11334
67 103 0.2036
67 105 0.31442
81 33 0.26327
81 39 0.91999
81 43 0.57668
81 46 0.44008
81 50 0.00169
81 53 0.41505
81 55 0.13072
81 59 0.81723
81 71 0.87137
81 75 0.95066
81 80 0.53734
81 82 0.87102
81 84 0.72982
81 89 0.77869
81 90 0.75262
81 101 0.39206
81 103 0.71368
81 105 0.39449
86 33 0.09886
86 39 0.19409
86 43 0.64988
86 46 0.83686
86 50 0.89809
86 53 0.99163
86 55 0.56207
86 59 0.8088
86 71 0.77888
86 75 0.64936
86 80 0.58264
86 82 0.5746
86 84 0.85245
86 89 0.58744
86 90 0.41725
86 101 0.27651
86 103 0.17053
86 105 0.44636
94 33 0.08284
94 39 0.33332
94 43 0.11908
94 46 0.33192
94 50 0.68749
94 53 0.1224
94 55 0.75626
94 59 0.09442
94 71 0.61475
94 75 0.1786
94 80 0.93795
94 82 0.26082
94 84 0.95063
94 89 0.81791
94 90 0.71393
94 101 0.09351
94 103 0.00267
94 105 0.40337
98 33 0.62041
98 39 0.72384
98 43 0.47327
98 46 0.87626
98 50 0.01167
98 53 0.801
98 55 0.26496
98 59 0.52426
98 71 0.24219
98 75 0.97195
98 80 0.50957
98 82 0.82378
98 84 0.36597
98 89 0.6069
98 90 0.66911
98 101 0.73425
98 103 0.70176
98 105 0.46873
106 33 0.35835
106 39 0.63377
106 43 0.3424
106 46 0.23417
106 50 0.51739
106 53 0.16001
106 55 0.80519
106 59 0.40764
106 71 0.71838
106 75 0.09167
106 80 0.91805
106 82 0.10469
106 84 0.83607
106 89 0.73583
106 90 0.50336
106 101 0.10698
106 103 0.61784
106 105 0.38288
108 33 0.84682
108 39 0.87531
108 43 0.00509
108 46 0.57998
108 50 0.91345
108 53 0.76336
108 55 0.17776
108 59 0.02018
108 71 0.33851
108 75 0.14904
108 80 0.06609
108 82 0.56364
108 84 0.14095
108 89 0.46322
108 90 0.65501
108 101 0.19073
108 103 0.02172
108 105 0.77731
109 33 0.28955
109 39 0.35226
109 43 0.63284
109 46 0.40088
109 50 0.67267
109 53 0.15756
109 55 0.22226
109 59 0.77393
109 71 0.90815
109 75 0.46492
109 80 0.44533
109 82 0.27668
109 84 0.90369
109 89 0.00605
109 90 0.18471
109 101 0.33777
109 103 0.29455
109 105 0.91162
