17 11 0.35462
17 21 0.35305
17 25 0.22492
17 36 0.43372
17 41 0.41002
17 44 0.2627
17 45 0.16342
17 52 0.57142
17 53 0.55046
17 55 0.74265
17 60 0.8703
35 11 0.02616
35 21 0.4397
35 25 0.56386
35 36 0.06985
35 41 0.1263
35 44 0.17087
35 45 0.46556
35 52 0.12907
35 53 0.33924
35 55 0.62755
35 60 0.48219
46 11 0.84242
46 21 0.31642
46 25 0.44355
46 36 0.1413
46 41 0.91965
46 44 0.19212
46 45 0.58937
46 52 0.27257
46 53 0.01952
46 55 0.65753
46 60 0.2019
49 11 0.40568
49 21 0.34398
49 25 0.5453
49 36 0.20353
49 41 0.38003
49 44 0.41392
49 45 0.2218
49 52 0.61881
49 53 0.46895
49 55 0.34877
49 60 0.55365
58 11 0.50423
58 21 0.84101
58 25 0.14508
58 36 0.72295
58 41 0.43579
58 44 0.59632
58 45 0.04227
58 52 0.38682
58 53 0.40398
58 55 0.54468
58 60 0.66256
