1 2
1 3
3 2
2 4
4 2
5 2
5 2
6 3
6 2
7 4
7 5
5 8
2 8
2 9
1 9
10 1
10 4
11 7
11 5
12 5
12 5
13 5
13 5
5 14
14 4
15 1
4 15
16 15
16 6
17 4
2 17
12 18
18 5
13 19
11 19
20 2
8 20
21 5
8 21
22 13
22 15
11 23
17 23
4 24
16 24
25 20
22 25
4 26
26 4
4 27
27 23
3 28
28 18
3 29
11 29
30 19
30 5
31 3
31 1
32 4
32 5
29 33
5 33
4 34
34 16
29 35
6 35
36 27
36 3
37 32
14 37
38 2
38 5
38 39
36 39
40 39
5 40
9 41
41 10
42 5
24 42
17 43
12 43
29 44
20 44
45 31
45 38
32 46
8 46
10 47
2 47
29 48
48 5
4 49
5 49
19 50
47 50
