17 11 0.83134
17 21 0.27912
17 25 0.81312
17 36 0.08193
17 39 0.72475
17 41 0.49396
17 44 0.7541
17 45 0.62505
35 11 0.0996
35 21 0.60679
35 25 0.98289
35 36 0.46174
35 39 0.76536
35 41 0.93759
35 44 0.63383
35 45 0.08135
37 11 0.07504
37 21 0.15691
37 25 0.13014
37 36 0.14994
37 39 0.20785
37 41 0.60793
37 44 0.22652
37 45 0.84929
46 11 0.1378
46 21 0.83465
46 25 0.02517
46 36 0.25627
46 39 0.11103
46 41 0.06315
46 44 0.69058
46 45 0.74835
49 11 0.50992
49 21 0.71334
49 25 0.30954
49 36 0.64102
49 39 0.38755
49 41 0.47142
49 44 0.4791
49 45 0.55578
