51 13 0.85607
51 31 0.57982
51 57 0.21154
51 73 0.36901
51 77 0.38325
51 80 0.61903
51 81 0.69651
51 87 0.18257
51 104 0.75735
51 106 0.89355
51 108 0.74624
51 123 0.58642
51 132 0.26021
51 133 0.9444
51 138 0.39131
51 143 0.52856
51 144 0.44327
51 145 0.84173
51 148 0.13988
51 165 0.41232
51 170 0.47277
51 178 0.81086
51 179 0.9519
52 13 0.54179
52 31 0.11218
52 57 0.6696
52 73 0.11964
52 77 0.30389
52 80 0.09166
52 81 0.54373
52 87 0.52431
52 104 0.15982
52 106 0.70707
52 108 0.60853
52 123 0.80279
52 132 0.53465
52 133 0.674
52 138 0.22398
52 143 0.14037
52 144 0.23105
52 145 0.90576
52 148 0.43966
52 165 0.73431
52 170 0.90116
52 178 0.10029
52 179 0.19721
55 13 0.54335
55 31 0.8812
55 57 0.82722
55 73 0.87686
55 77 0.23325
55 80 0.62661
55 81 0.10645
55 87 0.56771
55 104 0.95851
55 106 0.99305
55 108 0.77114
55 123 0.27236
55 132 0.0284
55 133 0.15258
55 138 0.9504
55 143 0.7645
55 144 0.16404
55 145 0.6719
55 148 0.64956
55 165 0.48316
55 170 0.40785
55 178 0.06857
55 179 0.86494
64 13 0.33434
64 31 0.81567
64 57 0.33216
64 73 0.3658
64 77 0.33309
64 80 0.62346
64 81 0.21417
64 87 0.13766
64 104 0.35692
64 106 0.4457
64 108 0.58874
64 123 0.46554
64 132 0.76
64 133 0.19634
64 138 0.49861
64 143 0.68748
64 144 0.42879
64 145 0.00011
64 148 0.1429
64 165 0.60937
64 170 0.00851
64 178 0.58597
64 179 0.83112
65 13 0.10956
65 31 0.48558
65 57 0.19914
65 73 0.05399
65 77 0.42736
65 80 0.12115
65 81 0.94329
65 87 0.76647
65 104 0.41582
65 106 0.75796
65 108 0.51633
65 123 0.69586
65 132 0.06359
65 133 0.70315
65 138 0.73002
65 143 0.00691
65 144 0.33968
65 145 0.03507
65 148 0.83857
65 165 0.36225
65 170 0.95536
65 178 0.64802
65 179 0.81162
76 13 0.39287
76 31 0.36725
76 57 0.83805
76 73 0.48416
76 77 0.77765
76 80 0.6905
76 81 0.30941
76 87 0.39784
76 104 0.10234
76 106 0.39079
76 108 0.44438
76 123 0.74912
76 132 0.57194
76 133 0.76538
76 138 0.08546
76 143 0.96861
76 144 0.89397
76 145 0.66979
76 148 0.44043
76 165 0.35837
76 170 0.6256
76 178 0.96367
76 179 0.53507
82 13 0.34395
82 31 0.73636
82 57 0.65971
82 73 0.50749
82 77 0.79493
82 80 0.40729
82 81 0.86497
82 87 0.13523
82 104 0.22294
82 106 0.64365
82 108 0.15169
82 123 0.71389
82 132 0.64571
82 133 0.1126
82 138 0.01725
82 143 0.06399
82 144 0.17041
82 145 0.90564
82 148 0.24383
82 165 0.39918
82 170 0.02584
82 178 0.89132
82 179 0.32446
85 13 0.02939
85 31 0.4585
85 57 0.89625
85 73 0.4951
85 77 0.37268
85 80 0.69529
85 81 0.29325
85 87 0.29811
85 104 0.12097
85 106 0.0429
85 108 0.74139
85 123 0.59056
85 132 0.88797
85 133 0.30944
85 138 0.06595
85 143 0.56254
85 144 0.35568
85 145 0.46644
85 148 0.18477
85 165 0.00573
85 170 0.74308
85 178 0.87051
85 179 0.24789
89 13 0.38696
89 31 0.4274
89 57 0.04393
89 73 0.3245
89 77 0.12668
89 80 0.04819
89 81 0.29615
89 87 0.9051
89 104 0.06521
89 106 0.52984
89 108 0.66126
89 123 0.09729
89 132 0.60682
89 133 0.13451
89 138 0.74546
89 143 0.38075
89 144 0.71841
89 145 0.77758
89 148 0.60315
89 165 0.7511
89 170 0.4309
89 178 0.65918
89 179 0.95127
100 13 0.441
100 31 0.94845
100 57 0.25087
100 73 0.3872
100 77 0.37062
100 80 0.31081
100 81 0.47274
100 87 0.03699
100 104 0.6063
100 106 0.49423
100 108 0.17419
100 123 0.88152
100 132 0.73026
100 133 0.86895
100 138 0.75405
100 143 0.64175
100 144 0.92693
100 145 0.71094
100 148 0.49593
100 165 0.21863
100 170 0.83695
100 178 0.65305
100 179 0.22847
101 13 0.12863
101 31 0.58982
101 57 0.42113
101 73 0.89903
101 77 0.72453
101 80 0.83645
101 81 0.58715
101 87 0.3651
101 104 0.8552
101 106 0.69738
101 108 0.51489
101 123 0.35909
101 132 0.93093
101 133 0.44827
101 138 0.44526
101 143 0.06336
101 144 0.12016
101 145 0.90247
101 148 0.93255
101 165 0.23417
101 170 0.8427
101 178 0.16088
101 179 0.93211
109 13 0.84723
109 31 0.71362
109 57 0.94785
109 73 0.28097
109 77 0.20725
109 80 0.69371
109 81 0.94476
109 87 0.74949
109 104 0.59857
109 106 0.50638
109 108 0.0411
109 123 0.02795
109 132 0.9313
109 133 0.91281
109 138 0.23386
109 143 0.40079
109 144 0.27927
109 145 0.7879
109 148 0.86512
109 165 0.97023
109 170 0.48979
109 178 0.06719
109 179 0.43345
127 13 0.10776
127 31 0.35107
127 57 0.42351
127 73 0.25292
127 77 0.78079
127 80 0.47705
127 81 0.96097
127 87 0.37837
127 104 0.67375
127 106 0.11121
127 108 0.5785
127 123 0.79224
127 132 0.97556
127 133 0.8268
127 138 0.0377
127 143 0.43271
127 144 0.81372
127 145 0.79667
127 148 0.3753
127 165 0.59192
127 170 0.52395
127 178 0.75154
127 179 0.49502
129 13 0.79132
129 31 0.5966
129 57 0.54099
129 73 0.07303
129 77 0.99564
129 80 0.53528
129 81 0.24554
129 87 0.44676
129 104 0.96277
129 106 0.45475
129 108 0.44911
129 123 0.63683
129 132 0.16843
129 133 0.13997
129 138 0.71276
129 143 0.25111
129 144 0.87461
129 145 0.07681
129 148 0.26246
129 165 0.82788
129 170 0.98417
129 178 0.3892
129 179 0.15118
131 13 0.82067
131 31 0.37067
131 57 0.67163
131 73 0.29368
131 77 0.51543
131 80 0.674
131 81 0.94665
131 87 0.20724
131 104 0.50143
131 106 0.81642
131 108 0.02185
131 123 0.07642
131 132 0.59579
131 133 0.60773
131 138 0.25786
131 143 0.36598
131 144 0.23118
131 145 0.81112
131 148 0.83301
131 165 0.85122
131 170 0.02661
131 178 0.57594
131 179 0.82887
137 13 0.69715
137 31 0.75025
137 57 0.04511
137 73 0.4168
137 77 0.63509
137 80 0.12954
137 81 0.69712
137 87 0.77406
137 104 0.94975
137 106 0.27423
137 108 0.65042
137 123 0.27106
137 132 0.01771
137 133 0.84427
137 138 0.45034
137 143 0.02621
137 144 0.76429
137 145 0.79102
137 148 0.52739
137 165 0.49039
137 170 0.74575
137 178 0.51031
137 179 0.29611
140 13 0.30215
140 31 0.56323
140 57 0.36476
140 73 0.99773
140 77 0.45358
140 80 0.99611
140 81 0.06393
140 87 0.4222
140 104 0.12624
140 106 0.10659
140 108 0.73581
140 123 0.97764
140 132 0.61714
140 133 0.86281
140 138 0.27546
140 143 0.34675
140 144 0.86852
140 145 0.86209
140 148 0.65523
140 165 0.40708
140 170 0.22251
140 178 0.27752
140 179 0.42791
141 13 0.10375
141 31 0.59212
141 57 0.9886
141 73 0.15931
141 77 0.20117
141 80 0.27756
141 81 0.61689
141 87 0.93894
141 104 0.89293
141 106 0.67255
141 108 0.40231
141 123 0.06512
141 132 0.82567
141 133 0.92926
141 138 0.54705
141 143 0.44194
141 144 0.98449
141 145 0.7948
141 148 0.99363
141 165 0.12162
141 170 0.42464
141 178 0.38263
141 179 0.00034
149 13 0.39061
149 31 0.78026
149 57 0.66342
149 73 0.17604
149 77 0.12901
149 80 0.53228
149 81 0.56707
149 87 0.8732
149 104 0.49341
149 106 0.28179
149 108 0.71627
149 123 0.21627
149 132 0.48236
149 133 0.99837
149 138 0.96262
149 143 0.37037
149 144 0.9173
149 145 0.26545
149 148 0.05687
149 165 0.35968
149 170 0.3236
149 178 0.47232
149 179 0.91354
150 13 0.106
150 31 0.398
150 57 0.7661
150 73 0.39949
150 77 0.48959
150 80 0.95265
150 81 0.97709
150 87 0.07236
150 104 0.3658
150 106 0.663
150 108 0.20608
150 123 0.65242
150 132 0.91766
150 133 0.13499
150 138 0.96145
150 143 0.55158
150 144 0.00013
150 145 0.48036
150 148 0.64384
150 165 0.59004
150 170 0.83594
150 178 0.44432
150 179 0.5912
155 13 0.23149
155 31 0.57352
155 57 0.44318
155 73 0.68994
155 77 0.48497
155 80 0.56333
155 81 0.62689
155 87 0.58532
155 104 0.90343
155 106 0.73261
155 108 0.72661
155 123 0.43007
155 132 0.37679
155 133 0.0664
155 138 0.69139
155 143 0.62149
155 144 0.55178
155 145 0.28923
155 148 0.56933
155 165 0.18556
155 170 0.91518
155 178 0.70329
155 179 0.61288
162 13 0.08889
162 31 0.56832
162 57 0.98133
162 73 0.61047
162 77 0.52636
162 80 0.99519
162 81 0.46944
162 87 0.06146
162 104 0.00954
162 106 0.5613
162 108 0.1601
162 123 0.88134
162 132 0.60088
162 133 0.26797
162 138 0.95159
162 143 0.38699
162 144 0.49883
162 145 0.74956
162 148 0.35752
162 165 0.0415
162 170 0.17744
162 178 0.63662
162 179 0.22994
163 13 0.2668
163 31 0.12474
163 57 0.00117
163 73 0.16932
163 77 0.12125
163 80 0.56222
163 81 0.07809
163 87 0.75965
163 104 0.99765
163 106 0.22526
163 108 0.08586
163 123 0.50536
163 132 0.19728
163 133 0.16883
163 138 0.26931
163 143 0.36243
163 144 0.49
163 145 0.87562
163 148 0.63755
163 165 0.86348
163 170 0.69614
163 178 0.9131
163 179 0.50719
164 13 0.28853
164 31 0.30649
164 57 0.71501
164 73 0.39821
164 77 0.8664
164 80 0.75853
164 81 0.82481
164 87 0.05649
164 104 0.28278
164 106 0.10735
164 108 0.9644
164 123 0.52523
164 132 0.77986
164 133 0.13214
164 138 0.02817
164 143 0.62418
164 144 0.68998
164 145 0.94853
164 148 0.16281
164 165 0.80306
164 170 0.77563
164 178 0.77494
164 179 0.61902
173 13 0.3402
173 31 0.42121
173 57 0.85375
173 73 0.22082
173 77 0.16208
173 80 0.32099
173 81 0.54166
173 87 0.01159
173 104 0.35965
173 106 0.15018
173 108 0.33432
173 123 0.11915
173 132 0.42758
173 133 0.51209
173 138 0.42601
173 143 0.81556
173 144 0.10705
173 145 0.32437
173 148 0.10332
173 165 0.23777
173 170 0.36957
173 178 0.86478
173 179 0.50185
176 13 0.72084
176 31 0.76811
176 57 0.16787
176 73 0.12472
176 77 0.76508
176 80 0.79488
176 81 0.65661
176 87 0.77102
176 104 0.84476
176 106 0.61958
176 108 0.71133
176 123 0.68858
176 132 0.05152
176 133 0.92198
176 138 0.38639
176 143 0.72998
176 144 0.44062
176 145 0.36386
176 148 0.16089
176 165 0.97483
176 170 0.36028
176 178 0.86182
176 179 0.96419
