39 19 0.10226
39 22 0.06438
39 27 0.01039
39 28 0.91142
39 35 0.82647
39 58 0.59304
39 61 0.22136
39 62 0.35194
39 66 0.72762
39 69 0.21017
39 70 0.54623
39 73 0.59711
39 79 0.657
39 85 0.09537
39 88 0.42843
39 89 0.38785
39 91 0.01316
39 103 0.97558
39 109 0.31937
39 110 0.02921
39 114 0.69514
39 116 0.26584
39 119 0.47361
39 136 0.08831
39 138 0.16301
39 148 0.54153
39 152 0.21514
39 154 0.1695
39 156 0.24893
39 162 0.07051
39 164 0.58184
39 166 0.62376
39 169 0.49075
41 19 0.01186
41 22 0.08946
41 27 0.72381
41 28 0.2335
41 35 0.55661
41 58 0.15024
41 61 0.14444
41 62 0.37356
41 66 0.30824
41 69 0.81765
41 70 0.18476
41 73 0.59062
41 79 0.92286
41 85 0.17137
41 88 0.32044
41 89 0.05748
41 91 0.49393
41 103 0.77324
41 109 0.59245
41 110 0.59504
41 114 0.63018
41 116 0.19161
41 119 0.50299
41 136 0.65642
41 138 0.70669
41 148 0.42995
41 152 0.65634
41 154 0.18501
41 156 0.72573
41 162 0.99291
41 164 0.513
41 166 0.75499
41 169 0.83828
42 19 0.1542
42 22 0.71288
42 27 0.8571
42 28 0.08436
42 35 0.25125
42 58 0.50322
42 61 0.43529
42 62 0.18476
42 66 0.46343
42 69 0.1602
42 70 0.78608
42 73 0.07433
42 79 0.71261
42 85 0.34515
42 88 0.06054
42 89 0.73576
42 91 0.67372
42 103 0.06191
42 109 0.2577
42 110 0.26176
42 114 0.70243
42 116 0.79647
42 119 0.00579
42 136 0.81092
42 138 0.07677
42 148 0.94076
42 152 0.54049
42 154 0.12625
42 156 0.94456
42 162 0.46456
42 164 0.9945
42 166 0.68021
42 169 0.86103
48 19 0.35699
48 22 0.98797
48 27 0.15664
48 28 0.98154
48 35 0.78309
48 58 0.76979
48 61 0.60269
48 62 0.14983
48 66 0.5201
48 69 0.65925
48 70 0.41025
48 73 0.48939
48 79 0.72964
48 85 0.90159
48 88 0.27193
48 89 0.06905
48 91 0.95801
48 103 0.68007
48 109 0.96932
48 110 0.12781
48 114 0.59879
48 116 0.17885
48 119 0.86933
48 136 0.76821
48 138 0.94232
48 148 0.48248
48 152 0.50536
48 154 0.03423
48 156 0.35673
48 162 0.05121
48 164 0.58371
48 166 0.88179
48 169 0.47551
49 19 0.40045
49 22 0.89567
49 27 0.83653
49 28 0.06259
49 35 0.071
49 58 0.31702
49 61 0.2299
49 62 0.76756
49 66 0.23019
49 69 0.88372
49 70 0.17637
49 73 0.0496
49 79 0.47957
49 85 0.40029
49 88 0.63265
49 89 0.80076
49 91 0.64634
49 103 0.06559
49 109 0.91762
49 110 0.75229
49 114 0.64242
49 116 0.12848
49 119 0.45917
49 136 0.946
49 138 0.60176
49 148 0.78382
49 152 0.37085
49 154 0.16976
49 156 0.77324
49 162 0.38392
49 164 0.54179
49 166 0.59148
49 169 0.50535
50 19 0.25274
50 22 0.23376
50 27 0.18346
50 28 0.15237
50 35 0.11121
50 58 0.58936
50 61 0.62903
50 62 0.0021
50 66 0.02523
50 69 0.80783
50 70 0.39632
50 73 0.60777
50 79 0.24849
50 85 0.02932
50 88 0.14759
50 89 0.21027
50 91 0.60495
50 103 0.49583
50 109 0.19509
50 110 0.46675
50 114 0.10135
50 116 0.11954
50 119 0.10412
50 136 0.74146
50 138 0.33988
50 148 0.64949
50 152 0.28131
50 154 0.04372
50 156 0.59635
50 162 0.29331
50 164 0.32571
50 166 0.47651
50 169 0.22848
74 19 0.4218
74 22 0.45928
74 27 0.12596
74 28 0.14679
74 35 0.90624
74 58 0.63021
74 61 0.745
74 62 0.8035
74 66 0.84886
74 69 0.15935
74 70 0.06336
74 73 0.39296
74 79 0.01586
74 85 0.71882
74 88 0.02822
74 89 0.67361
74 91 0.21353
74 103 0.69881
74 109 0.02665
74 110 0.92542
74 114 0.92805
74 116 0.81161
74 119 0.21692
74 136 0.51274
74 138 0.65366
74 148 0.12426
74 152 0.51857
74 154 0.7988
74 156 0.627
74 162 0.00146
74 164 0.34383
74 166 0.99842
74 169 0.13983
75 19 0.80814
75 22 0.75785
75 27 0.38378
75 28 0.36626
75 35 0.4057
75 58 0.30775
75 61 0.73893
75 62 0.82575
75 66 0.53354
75 69 0.69695
75 70 0.20354
75 73 0.11808
75 79 0.09564
75 85 0.93474
75 88 0.97616
75 89 0.50024
75 91 0.84247
75 103 0.13316
75 109 0.49707
75 110 0.49923
75 114 0.7768
75 116 0.00392
75 119 0.41853
75 136 0.28545
75 138 0.23675
75 148 0.84207
75 152 0.42338
75 154 0.1547
75 156 0.42675
75 162 0.66853
75 164 0.29716
75 166 0.10409
75 169 0.47913
81 19 0.51779
81 22 0.4116
81 27 0.50262
81 28 0.97161
81 35 0.83765
81 58 0.81224
81 61 0.25856
81 62 0.81526
81 66 0.06801
81 69 0.74552
81 70 0.90565
81 73 0.83276
81 79 0.94132
81 85 0.93704
81 88 0.38479
81 89 0.30716
81 91 0.12231
81 103 0.20841
81 109 0.36574
81 110 0.90859
81 114 0.39057
81 116 0.92428
81 119 0.51068
81 136 0.95836
81 138 0.2793
81 148 0.47641
81 152 0.28732
81 154 0.94513
81 156 0.81338
81 162 0.25504
81 164 0.57216
81 166 0.56794
81 169 0.23078
84 19 0.08558
84 22 0.11259
84 27 0.31627
84 28 0.04511
84 35 0.70922
84 58 0.25562
84 61 0.15704
84 62 0.99719
84 66 0.44628
84 69 0.46157
84 70 0.46606
84 73 0.25833
84 79 0.4796
84 85 0.46735
84 88 0.51157
84 89 0.74556
84 91 0.24369
84 103 0.26616
84 109 0.57528
84 110 0.04439
84 114 0.28164
84 116 0.9445
84 119 0.5996
84 136 0.49784
84 138 0.63626
84 148 0.2349
84 152 0.91602
84 154 0.2013
84 156 0.60889
84 162 0.11369
84 164 0.2097
84 166 0.15995
84 169 0.70164
92 19 0.97804
92 22 0.52724
92 27 0.77831
92 28 0.14158
92 35 0.69633
92 58 0.36217
92 61 0.85114
92 62 0.15467
92 66 0.19094
92 69 0.07673
92 70 0.00667
92 73 0.10175
92 79 0.41099
92 85 0.70598
92 88 0.09708
92 89 0.66172
92 91 0.73498
92 103 0.34115
92 109 0.49018
92 110 0.18238
92 114 0.21258
92 116 0.32853
92 119 0.88997
92 136 0.17582
92 138 0.11851
92 148 0.83496
92 152 0.57987
92 154 0.56798
92 156 0.74596
92 162 0.50961
92 164 0.84879
92 166 0.94867
92 169 0.68572
95 19 0.74953
95 22 0.00035
95 27 0.45295
95 28 0.58175
95 35 0.53587
95 58 0.12589
95 61 0.44159
95 62 0.71876
95 66 0.14805
95 69 0.59626
95 70 0.22924
95 73 0.33037
95 79 0.96621
95 85 0.55666
95 88 0.39857
95 89 0.94575
95 91 0.58098
95 103 0.42881
95 109 0.96017
95 110 0.06562
95 114 0.19235
95 116 0.70679
95 119 0.77563
95 136 0.52093
95 138 0.04473
95 148 0.66627
95 152 0.77863
95 154 0.76732
95 156 0.6161
95 162 0.03171
95 164 0.63203
95 166 0.87108
95 169 0.49194
98 19 0.3307
98 22 0.82939
98 27 0.42172
98 28 0.1126
98 35 0.5227
98 58 0.42759
98 61 0.56362
98 62 0.39489
98 66 0.61775
98 69 0.99301
98 70 0.78752
98 73 0.46079
98 79 0.15992
98 85 0.02966
98 88 0.72982
98 89 0.92365
98 91 0.8787
98 103 0.80055
98 109 0.4761
98 110 0.23021
98 114 0.7866
98 116 0.72369
98 119 0.36719
98 136 0.39986
98 138 0.79417
98 148 0.54783
98 152 0.49473
98 154 0.75113
98 156 0.54428
98 162 0.27598
98 164 0.87353
98 166 0.00826
98 169 0.42439
99 19 0.05185
99 22 0.85343
99 27 0.78571
99 28 0.82975
99 35 0.81586
99 58 0.8196
99 61 0.99673
99 62 0.50286
99 66 0.74234
99 69 0.96795
99 70 0.513
99 73 0.76004
99 79 0.78404
99 85 0.11359
99 88 0.39132
99 89 0.73327
99 91 0.91808
99 103 0.71169
99 109 0.44224
99 110 0.57762
99 114 0.67929
99 116 0.6369
99 119 0.46569
99 136 0.39978
99 138 0.16329
99 148 0.8984
99 152 0.49044
99 154 0.77313
99 156 0.04551
99 162 0.17214
99 164 0.80895
99 166 0.4556
99 169 0.60536
106 19 0.61076
106 22 0.09171
106 27 0.42716
106 28 0.23609
106 35 0.20906
106 58 0.07665
106 61 0.25474
106 62 0.35404
106 66 0.73926
106 69 0.77374
106 70 0.71492
106 73 0.44987
106 79 0.86841
106 85 0.07047
106 88 0.82679
106 89 0.51259
106 91 0.75549
106 103 0.31386
106 109 0.15139
106 110 0.80682
106 114 0.15361
106 116 0.3457
106 119 0.65319
106 136 0.08819
106 138 0.21709
106 148 0.12635
106 152 0.41986
106 154 0.95302
106 156 0.35693
106 162 0.57714
106 164 0.25713
106 166 0.21915
106 169 0.82768
112 19 0.40638
112 22 0.60839
112 27 0.60487
112 28 0.55088
112 35 0.51509
112 58 0.89427
112 61 0.85948
112 62 0.35175
112 66 0.23279
112 69 0.29827
112 70 0.87074
112 73 0.75994
112 79 0.78312
112 85 0.43687
112 88 0.89894
112 89 0.39269
112 91 0.09712
112 103 0.19801
112 109 0.83844
112 110 0.09659
112 114 0.98267
112 116 0.54951
112 119 0.69299
112 136 0.33495
112 138 0.11743
112 148 0.67837
112 152 0.87572
112 154 0.56472
112 156 0.15603
112 162 0.33634
112 164 0.36836
112 166 0.42043
112 169 0.57847
120 19 0.31994
120 22 0.04025
120 27 0.80693
120 28 0.81309
120 35 0.84954
120 58 0.48708
120 61 0.85187
120 62 0.54861
120 66 0.00437
120 69 0.61358
120 70 0.90013
120 73 0.23739
120 79 0.82562
120 85 0.58118
120 88 0.54577
120 89 0.11836
120 91 0.83555
120 103 0.69815
120 109 0.99928
120 110 0.69875
120 114 0.80791
120 116 0.76498
120 119 0.74899
120 136 0.31308
120 138 0.8534
120 148 0.59212
120 152 0.66638
120 154 0.09149
120 156 0.71532
120 162 0.15182
120 164 0.84128
120 166 0.57118
120 169 0.92838
121 19 0.45325
121 22 0.91198
121 27 0.21095
121 28 0.42799
121 35 0.74777
121 58 0.1083
121 61 0.93855
121 62 0.07571
121 66 0.25722
121 69 0.7477
121 70 0.73692
121 73 0.58975
121 79 0.28249
121 85 0.66371
121 88 0.07165
121 89 0.19997
121 91 0.81682
121 103 0.42529
121 109 0.22001
121 110 0.16539
121 114 0.94397
121 116 0.5381
121 119 0.23603
121 136 0.27166
121 138 0.66479
121 148 0.04168
121 152 0.94591
121 154 0.81092
121 156 0.86546
121 162 0.45085
121 164 0.73345
121 166 0.86608
121 169 0.66926
134 19 0.40129
134 22 0.56882
134 27 0.89278
134 28 0.92851
134 35 0.92804
134 58 0.61159
134 61 0.25686
134 62 0.64135
134 66 0.92748
134 69 0.53129
134 70 0.25754
134 73 0.58164
134 79 0.52399
134 85 0.89123
134 88 0.92595
134 89 0.70001
134 91 0.63499
134 103 0.12679
134 109 0.97293
134 110 0.89472
134 114 0.42847
134 116 0.00423
134 119 0.99031
134 136 0.46041
134 138 0.35069
134 148 0.48326
134 152 0.89779
134 154 0.62754
134 156 0.00109
134 162 0.30451
134 164 0.94861
134 166 0.52643
134 169 0.93611
144 19 0.18252
144 22 0.64943
144 27 0.99227
144 28 0.24664
144 35 0.27931
144 58 0.45507
144 61 0.95434
144 62 0.81733
144 66 0.61634
144 69 0.89197
144 70 0.97233
144 73 0.06536
144 79 0.98738
144 85 0.50536
144 88 0.86788
144 89 0.02288
144 91 0.45193
144 103 0.38118
144 109 0.33967
144 110 0.18327
144 114 0.05464
144 116 0.70228
144 119 0.96492
144 136 0.80151
144 138 0.65681
144 148 0.24216
144 152 0.28464
144 154 0.63212
144 156 0.18951
144 162 0.69624
144 164 0.38736
144 166 0.05894
144 169 0.45054
145 19 0.96899
145 22 0.95334
145 27 0.35923
145 28 0.90064
145 35 0.67097
145 58 0.05509
145 61 0.51083
145 62 0.79892
145 66 0.70934
145 69 0.94224
145 70 0.43503
145 73 0.02942
145 79 0.78268
145 85 0.92002
145 88 0.04162
145 89 0.27626
145 91 0.28543
145 103 0.72177
145 109 0.75762
145 110 0.20233
145 114 0.67749
145 116 0.81802
145 119 0.25249
145 136 0.01903
145 138 0.52104
145 148 0.88668
145 152 0.9504
145 154 0.34899
145 156 0.7067
145 162 0.48151
145 164 0.89565
145 166 0.29379
145 169 0.58956
150 19 0.8485
150 22 0.76463
150 27 0.9359
150 28 0.6156
150 35 0.58127
150 58 0.00559
150 61 0.88694
150 62 0.68065
150 66 0.4761
150 69 0.35738
150 70 0.05939
150 73 0.21163
150 79 0.3562
150 85 0.04993
150 88 0.52588
150 89 0.26201
150 91 0.48761
150 103 0.63345
150 109 0.5544
150 110 0.10307
150 114 0.46607
150 116 0.48368
150 119 0.03266
150 136 0.75798
150 138 0.07369
150 148 0.80459
150 152 0.68201
150 154 0.5688
150 156 0.70177
150 162 0.59317
150 164 0.9103
150 166 0.88844
150 169 0.92996
160 19 0.16184
160 22 0.53604
160 27 0.48648
160 28 0.46045
160 35 0.45854
160 58 0.605
160 61 0.74981
160 62 0.47119
160 66 0.57654
160 69 0.15773
160 70 0.1999
160 73 0.96781
160 79 0.36985
160 85 0.52991
160 88 0.06119
160 89 0.2863
160 91 0.12359
160 103 0.8238
160 109 0.37762
160 110 0.93269
160 114 0.60056
160 116 0.76677
160 119 0.61354
160 136 0.21897
160 138 0.27092
160 148 0.21416
160 152 0.82561
160 154 0.77494
160 156 0.48561
160 162 0.66215
160 164 0.58178
160 166 0.90852
160 169 0.53613
161 19 0.69873
161 22 0.26675
161 27 0.17981
161 28 0.36271
161 35 0.95824
161 58 0.46176
161 61 0.05524
161 62 0.84916
161 66 0.16793
161 69 0.5249
161 70 0.28149
161 73 0.50331
161 79 0.21426
161 85 0.62534
161 88 0.15038
161 89 0.62759
161 91 0.28111
161 103 0.8199
161 109 0.67602
161 110 0.04689
161 114 0.43492
161 116 0.06382
161 119 0.07775
161 136 0.46043
161 138 0.41617
161 148 0.07032
161 152 0.50865
161 154 0.56719
161 156 0.58585
161 162 0.23095
161 164 0.8653
161 166 0.60615
161 169 0.58342
163 19 0.33531
163 22 0.24793
163 27 0.6381
163 28 0.82667
163 35 0.89834
163 58 0.75967
163 61 0.87943
163 62 0.67095
163 66 0.76299
163 69 0.50973
163 70 0.37749
163 73 0.97145
163 79 0.49536
163 85 0.62358
163 88 0.00075
163 89 0.59265
163 91 0.54919
163 103 0.05582
163 109 0.17746
163 110 0.10171
163 114 0.43578
163 116 0.60919
163 119 0.9381
163 136 0.1921
163 138 0.53483
163 148 0.6859
163 152 0.10372
163 154 0.78712
163 156 0.65624
163 162 0.66629
163 164 0.93202
163 166 0.68182
163 169 0.31581
167 19 0.89241
167 22 0.71271
167 27 0.74273
167 28 0.88935
167 35 0.73585
167 58 0.06598
167 61 0.03611
167 62 0.10765
167 66 0.03444
167 69 0.96863
167 70 0.09786
167 73 0.57933
167 79 0.19564
167 85 0.50754
167 88 0.19063
167 89 0.73949
167 91 0.5872
167 103 0.85515
167 109 0.16648
167 110 0.33868
167 114 0.64184
167 116 0.49499
167 119 0.03137
167 136 0.90142
167 138 0.32662
167 148 0.71847
167 152 0.46217
167 154 0.70402
167 156 0.95072
167 162 0.95521
167 164 0.79636
167 166 0.03592
167 169 0.03811
168 19 0.30471
168 22 0.8866
168 27 0.79611
168 28 0.83728
168 35 0.14252
168 58 0.52997
168 61 0.92906
168 62 0.45797
168 66 0.0591
168 69 0.83221
168 70 0.0177
168 73 0.75325
168 79 0.30674
168 85 0.27854
168 88 0.64413
168 89 0.80219
168 91 0.71455
168 103 0.14118
168 109 0.16659
168 110 0.15648
168 114 0.95812
168 116 0.42814
168 119 0.38714
168 136 0.04818
168 138 0.43277
168 148 0.82869
168 152 0.55446
168 154 0.35445
168 156 0.8456
168 162 0.06521
168 164 0.34731
168 166 0.6462
168 169 0.50106
