28 18 0.89658
28 43 0.64359
28 48 0.21013
28 53 0.47637
28 58 0.53945
28 60 0.13736
28 61 0.11962
28 73 0.01911
28 84 0.25578
28 88 0.92951
28 89 0.24586
28 94 0.38034
28 96 0.14895
28 107 0.19853
28 112 0.7013
28 115 0.22099
28 116 0.68879
28 119 0.69445
28 125 0.5804
28 128 0.6836
28 129 0.0061
28 133 0.63522
28 148 0.46261
28 154 0.1737
28 159 0.89853
28 164 0.51405
28 165 0.25733
28 168 0.70319
28 175 0.48247
28 179 0.10765
28 180 0.68754
42 18 0.16617
42 43 0.79307
42 48 0.67391
42 53 0.5811
42 58 0.79565
42 60 0.31575
42 61 0.93507
42 73 0.57275
42 84 0.49754
42 88 0.4139
42 89 0.15398
42 94 0.78191
42 96 0.052
42 107 0.22673
42 112 0.99611
42 115 0.47091
42 116 0.3262
42 119 0.58759
42 125 0.28651
42 128 0.48165
42 129 0.43421
42 133 0.63789
42 148 0.17822
42 154 0.50529
42 159 0.28061
42 164 0.00839
42 165 0.72128
42 168 0.34019
42 175 0.67599
42 179 0.94288
42 180 0.55505
49 18 0.56398
49 43 0.87776
49 48 0.81387
49 53 0.31424
49 58 0.03537
49 60 0.49953
49 61 0.52261
49 73 0.50814
49 84 0.15585
49 88 0.98488
49 89 0.93763
49 94 0.15486
49 96 0.06835
49 107 0.64557
49 112 0.0787
49 115 0.14339
49 116 0.6564
49 119 0.10576
49 125 0.50774
49 128 0.43231
49 129 0.48639
49 133 0.35441
49 148 0.94771
49 154 0.48573
49 159 0.99974
49 164 0.0286
49 165 0.39347
49 168 0.94782
49 175 0.94186
49 179 0.10615
49 180 0.0063
52 18 0.72561
52 43 0.38151
52 48 0.63833
52 53 0.05302
52 58 0.26009
52 60 0.51778
52 61 0.91806
52 73 0.69721
52 84 0.95292
52 88 0.67232
52 89 0.1465
52 94 0.70313
52 96 0.76689
52 107 0.83296
52 112 0.9403
52 115 0.39468
52 116 0.11149
52 119 0.71616
52 125 0.34208
52 128 0.93296
52 129 0.11809
52 133 0.18455
52 148 0.65917
52 154 0.03624
52 159 0.44023
52 164 0.06873
52 165 0.95737
52 168 0.69488
52 175 0.6681
52 179 0.56906
52 180 0.15551
55 18 0.50144
55 43 0.43768
55 48 0.77456
55 53 0.22671
55 58 0.63567
55 60 0.92694
55 61 0.70718
55 73 0.5363
55 84 0.89417
55 88 0.93675
55 89 0.56275
55 94 0.62044
55 96 0.39715
55 107 0.76229
55 112 0.44318
55 115 0.6487
55 116 0.89114
55 119 0.4154
55 125 0.95691
55 128 0.52115
55 129 0.49977
55 133 0.29436
55 148 0.72419
55 154 0.84563
55 159 0.06215
55 164 0.33757
55 165 0.14258
55 168 0.19656
55 175 0.63291
55 179 0.96817
55 180 0.32404
68 18 0.68589
68 43 0.70077
68 48 0.25056
68 53 0.28289
68 58 0.33164
68 60 0.10028
68 61 0.54581
68 73 0.82829
68 84 0.74958
68 88 0.89468
68 89 0.72805
68 94 0.45215
68 96 0.71398
68 107 0.71259
68 112 0.33736
68 115 0.27534
68 116 0.58389
68 119 0.89523
68 125 0.96655
68 128 0.42044
68 129 0.05943
68 133 0.88859
68 148 0.57246
68 154 0.90845
68 159 0.16188
68 164 0.39454
68 165 0.94621
68 168 0.21333
68 175 0.08874
68 179 0.55069
68 180 0.84529
69 18 0.18723
69 43 0.39239
69 48 0.86464
69 53 0.81658
69 58 0.7993
69 60 0.34438
69 61 0.62118
69 73 0.64939
69 84 0.75174
69 88 0.21201
69 89 0.04684
69 94 0.33384
69 96 0.38252
69 107 0.54516
69 112 0.76037
69 115 0.7146
69 116 0.6502
69 119 0.44699
69 125 0.46802
69 128 0.76498
69 129 0.73247
69 133 0.54447
69 148 0.90864
69 154 0.93366
69 159 0.95762
69 164 0.32763
69 165 0.41826
69 168 0.13152
69 175 0.42592
69 179 0.90345
69 180 0.41352
71 18 0.42001
71 43 0.32903
71 48 0.34709
71 53 0.34116
71 58 0.28039
71 60 0.72203
71 61 0.49897
71 73 0.23849
71 84 0.28751
71 88 0.56443
71 89 0.82644
71 94 0.63315
71 96 0.76682
71 107 0.10654
71 112 0.44474
71 115 0.03356
71 116 0.17788
71 119 0.34315
71 125 0.75831
71 128 0.69325
71 129 0.46024
71 133 0.53555
71 148 0.99698
71 154 0.28125
71 159 0.61112
71 164 0.70784
71 165 0.24036
71 168 0.49341
71 175 0.98651
71 179 0.59854
71 180 0.54141
76 18 0.89761
76 43 0.94585
76 48 0.76673
76 53 0.55691
76 58 0.81087
76 60 0.17174
76 61 0.00804
76 73 0.92722
76 84 0.94021
76 88 0.36235
76 89 0.04901
76 94 0.35867
76 96 0.39794
76 107 0.78999
76 112 0.97585
76 115 0.68298
76 116 0.58626
76 119 0.22938
76 125 0.72382
76 128 0.48616
76 129 0.19057
76 133 0.70388
76 148 0.68818
76 154 0.44436
76 159 0.66678
76 164 0.68905
76 165 0.14361
76 168 0.84464
76 175 0.86467
76 179 0.34982
76 180 0.36905
92 18 0.81139
92 43 0.28716
92 48 0.60879
92 53 0.7161
92 58 0.12418
92 60 0.24984
92 61 0.05296
92 73 0.88472
92 84 0.86556
92 88 0.00205
92 89 0.97768
92 94 0.04153
92 96 0.72173
92 107 0.7648
92 112 0.33723
92 115 0.14462
92 116 0.13127
92 119 0.85188
92 125 0.46203
92 128 0.34094
92 129 0.99995
92 133 0.51623
92 148 0.26788
92 154 0.40844
92 159 0.34472
92 164 0.0337
92 165 0.9973
92 168 0.03155
92 175 0.75718
92 179 0.01104
92 180 0.14333
98 18 0.22254
98 43 0.37958
98 48 0.72817
98 53 0.41907
98 58 0.33655
98 60 0.29901
98 61 0.55004
98 73 0.19439
98 84 0.00619
98 88 0.91325
98 89 0.65667
98 94 0.73951
98 96 0.29682
98 107 0.21468
98 112 0.91015
98 115 0.09715
98 116 0.11738
98 119 0.77133
98 125 0.96858
98 128 0.16624
98 129 0.73727
98 133 0.85208
98 148 0.65332
98 154 0.87923
98 159 0.67998
98 164 0.2198
98 165 0.04225
98 168 0.77947
98 175 0.51856
98 179 0.72294
98 180 0.18843
102 18 0.40313
102 43 0.6093
102 48 0.10822
102 53 0.26757
102 58 0.56469
102 60 0.10945
102 61 0.08973
102 73 0.7963
102 84 0.51108
102 88 0.29698
102 89 0.72192
102 94 0.3606
102 96 0.76339
102 107 0.68607
102 112 0.58216
102 115 0.38235
102 116 0.43164
102 119 0.08844
102 125 0.40166
102 128 0.36924
102 129 0.78275
102 133 0.0358
102 148 0.87413
102 154 0.37889
102 159 0.83075
102 164 0.18019
102 165 0.33131
102 168 0.43639
102 175 0.05767
102 179 0.06097
102 180 0.46515
108 18 0.03754
108 43 0.3185
108 48 0.80669
108 53 0.73258
108 58 0.9096
108 60 0.04962
108 61 0.06105
108 73 0.37977
108 84 0.62017
108 88 0.71386
108 89 0.16893
108 94 0.12915
108 96 0.99498
108 107 0.39916
108 112 0.99561
108 115 0.98129
108 116 0.68003
108 119 0.00878
108 125 0.22436
108 128 0.2172
108 129 0.61615
108 133 0.20384
108 148 0.31467
108 154 0.04523
108 159 0.89709
108 164 0.71745
108 165 0.64425
108 168 0.22485
108 175 0.3406
108 179 0.13345
108 180 0.57693
114 18 0.52479
114 43 0.71915
114 48 0.8281
114 53 0.46986
114 58 0.3498
114 60 0.20306
114 61 0.53946
114 73 0.3174
114 84 0.64279
114 88 0.34322
114 89 0.37678
114 94 0.31692
114 96 0.97301
114 107 0.74336
114 112 0.55978
114 115 0.76158
114 116 0.15513
114 119 0.40261
114 125 0.39751
114 128 0.81002
114 129 0.2114
114 133 0.47751
114 148 0.71144
114 154 0.0627
114 159 0.20858
114 164 0.19224
114 165 0.64686
114 168 0.58517
114 175 0.46113
114 179 0.25936
114 180 0.61137
117 18 0.8748
117 43 0.81893
117 48 0.27724
117 53 0.23937
117 58 0.60792
117 60 0.57636
117 61 0.6764
117 73 0.05935
117 84 0.27209
117 88 0.39758
117 89 0.87539
117 94 0.17081
117 96 0.11906
117 107 0.83225
117 112 0.45154
117 115 0.14433
117 116 0.10804
117 119 0.47029
117 125 0.3082
117 128 0.26701
117 129 0.44266
117 133 0.34183
117 148 0.52022
117 154 0.86507
117 159 0.97859
117 164 0.62957
117 165 0.72915
117 168 0.78753
117 175 0.26733
117 179 0.28676
117 180 0.8186
122 18 0.67558
122 43 0.08257
122 48 0.80528
122 53 0.86614
122 58 0.61963
122 60 0.49314
122 61 0.78902
122 73 0.46232
122 84 0.48417
122 88 0.11521
122 89 0.91107
122 94 0.72702
122 96 0.30014
122 107 0.2822
122 112 0.24368
122 115 0.25025
122 116 0.60533
122 119 0.10051
122 125 0.99264
122 128 0.89153
122 129 0.32442
122 133 0.49338
122 148 0.37828
122 154 0.24459
122 159 0.92651
122 164 0.4519
122 165 0.78457
122 168 0.0688
122 175 0.6047
122 179 0.352
122 180 0.7442
130 18 0.70862
130 43 0.74722
130 48 0.87881
130 53 0.37242
130 58 0.64239
130 60 0.13015
130 61 0.41973
130 73 0.59187
130 84 0.70816
130 88 0.45769
130 89 0.31803
130 94 0.90474
130 96 0.85644
130 107 0.23789
130 112 0.46549
130 115 0.54984
130 116 0.41003
130 119 0.0022
130 125 0.82432
130 128 0.10981
130 129 0.12806
130 133 0.0313
130 148 0.72144
130 154 0.22663
130 159 0.02235
130 164 0.41502
130 165 0.18334
130 168 0.61776
130 175 0.54762
130 179 0.66475
130 180 0.86317
134 18 0.86338
134 43 0.13748
134 48 0.49791
134 53 0.44251
134 58 0.87573
134 60 0.95571
134 61 0.16321
134 73 0.55725
134 84 0.73134
134 88 0.14617
134 89 0.33899
134 94 0.28965
134 96 0.95924
134 107 0.82716
134 112 0.03664
134 115 0.85818
134 116 0.80372
134 119 0.05278
134 125 0.16395
134 128 0.30048
134 129 0.39621
134 133 0.18214
134 148 0.36262
134 154 0.49606
134 159 0.75413
134 164 0.44194
134 165 0.39081
134 168 0.64592
134 175 0.36556
134 179 0.14666
134 180 0.30181
138 18 0.46653
138 43 0.56729
138 48 0.85268
138 53 0.81522
138 58 0.48945
138 60 0.03324
138 61 0.16168
138 73 0.54622
138 84 0.76764
138 88 0.10403
138 89 0.32911
138 94 0.2574
138 96 0.16311
138 107 0.44071
138 112 0.35207
138 115 0.11721
138 116 0.32459
138 119 0.2033
138 125 0.27099
138 128 0.25067
138 129 0.92953
138 133 0.68852
138 148 0.40959
138 154 0.64696
138 159 0.05582
138 164 0.5591
138 165 0.13411
138 168 0.70489
138 175 0.21813
138 179 0.66612
138 180 0.13862
147 18 0.85177
147 43 0.53859
147 48 0.20338
147 53 0.06491
147 58 0.63076
147 60 0.80595
147 61 0.36326
147 73 0.69744
147 84 0.80561
147 88 0.12492
147 89 0.26045
147 94 0.03178
147 96 0.80137
147 107 0.61809
147 112 0.4536
147 115 0.01538
147 116 0.82841
147 119 0.92744
147 125 0.04396
147 128 0.19997
147 129 0.1356
147 133 0.46805
147 148 0.4698
147 154 0.00524
147 159 0.67676
147 164 0.66873
147 165 0.10005
147 168 0.26496
147 175 0.06306
147 179 0.05496
147 180 0.44112
156 18 0.08782
156 43 0.57297
156 48 0.6494
156 53 0.02184
156 58 0.46977
156 60 0.1768
156 61 0.24025
156 73 0.9467
156 84 0.34445
156 88 0.98348
156 89 0.92003
156 94 0.79178
156 96 0.97051
156 107 0.24928
156 112 0.30446
156 115 0.61557
156 116 0.19921
156 119 0.89682
156 125 0.24339
156 128 0.07835
156 129 0.46741
156 133 0.78935
156 148 0.37065
156 154 0.23641
156 159 0.60672
156 164 0.1266
156 165 0.85572
156 168 0.6209
156 175 0.99148
156 179 0.55702
156 180 0.01725
157 18 0.16409
157 43 0.88968
157 48 0.59391
157 53 0.94726
157 58 0.3063
157 60 0.849
157 61 0.20215
157 73 0.13388
157 84 0.91113
157 88 0.97208
157 89 0.42276
157 94 0.51944
157 96 0.6678
157 107 0.86605
157 112 0.1729
157 115 0.37907
157 116 0.63001
157 119 0.1754
157 125 0.94864
157 128 0.27797
157 129 0.66577
157 133 0.32873
157 148 0.10962
157 154 0.34932
157 159 0.17567
157 164 0.0303
157 165 0.12691
157 168 0.04404
157 175 0.41409
157 179 0.54287
157 180 0.53876
167 18 0.21226
167 43 0.85124
167 48 0.81266
167 53 0.16028
167 58 0.45097
167 60 0.82119
167 61 0.50451
167 73 0.71213
167 84 0.75352
167 88 0.52257
167 89 0.69938
167 94 0.42399
167 96 0.8486
167 107 0.72803
167 112 0.42518
167 115 0.03786
167 116 0.3173
167 119 0.06345
167 125 0.10359
167 128 0.61921
167 129 0.96438
167 133 0.7449
167 148 0.00668
167 154 0.21873
167 159 0.81919
167 164 0.97989
167 165 0.0712
167 168 0.63369
167 175 0.94058
167 179 0.7968
167 180 0.76558
171 18 0.98951
171 43 0.61285
171 48 0.14698
171 53 0.17957
171 58 0.10746
171 60 0.91376
171 61 0.5505
171 73 0.24376
171 84 0.56943
171 88 0.20118
171 89 0.10648
171 94 0.29043
171 96 0.19438
171 107 0.95991
171 112 0.30702
171 115 0.69413
171 116 0.48235
171 119 0.18521
171 125 0.84361
171 128 0.8409
171 129 0.79169
171 133 0.64546
171 148 0.37376
171 154 0.14098
171 159 0.93314
171 164 0.21308
171 165 0.6171
171 168 0.79092
171 175 0.96998
171 179 0.30047
171 180 0.34583
173 18 0.94644
173 43 0.92227
173 48 0.68602
173 53 0.8754
173 58 0.24531
173 60 0.172
173 61 0.89127
173 73 0.59775
173 84 0.83899
173 88 0.71612
173 89 0.61476
173 94 0.44244
173 96 0.20555
173 107 0.60148
173 112 0.96419
173 115 0.94668
173 116 0.26314
173 119 0.37698
173 125 0.08866
173 128 0.42504
173 129 0.75048
173 133 0.74167
173 148 0.51846
173 154 0.02075
173 159 0.55042
173 164 0.90134
173 165 0.11288
173 168 0.55334
173 175 0.2415
173 179 0.13339
173 180 0.87869
174 18 0.77642
174 43 0.79103
174 48 0.16691
174 53 0.99321
174 58 0.61885
174 60 0.00152
174 61 0.20586
174 73 0.49411
174 84 0.34231
174 88 0.58238
174 89 0.60671
174 94 0.0511
174 96 0.60774
174 107 0.56248
174 112 0.49691
174 115 0.20069
174 116 0.33995
174 119 0.95679
174 125 0.51776
174 128 0.82219
174 129 0.28782
174 133 0.13371
174 148 0.85623
174 154 0.20093
174 159 0.66064
174 164 0.34031
174 165 0.90655
174 168 0.86104
174 175 0.13546
174 179 0.90692
174 180 0.07562
176 18 0.23763
176 43 0.77455
176 48 0.32894
176 53 0.35087
176 58 0.5585
176 60 0.95014
176 61 0.94315
176 73 0.69219
176 84 0.21126
176 88 0.86442
176 89 0.88061
176 94 0.50635
176 96 0.82481
176 107 0.90412
176 112 0.00043
176 115 0.28973
176 116 0.69978
176 119 0.17998
176 125 0.51399
176 128 0.09594
176 129 0.69135
176 133 0.38487
176 148 0.19954
176 154 0.7563
176 159 0.36533
176 164 0.23546
176 165 0.61561
176 168 0.80348
176 175 0.69138
176 179 0.15585
176 180 0.23872
