17 21 0.53653
17 25 0.0193
17 36 0.4603
17 41 0.00211
17 45 0.28317
17 52 0.66753
17 55 0.44378
17 60 0.24456
17 61 0.51225
17 66 0.16869
17 67 0.65671
17 71 0.60249
17 74 0.59166
17 83 0.65939
17 88 0.63352
46 21 0.2533
46 25 0.08674
46 36 0.72794
46 41 0.71596
46 45 0.93814
46 52 0.85292
46 55 0.86316
46 60 0.5983
46 61 0.97437
46 66 0.34806
46 67 0.57361
46 71 0.54753
46 74 0.27029
46 83 0.18927
46 88 0.91755
49 21 0.32209
49 25 0.34829
49 36 0.8452
49 41 0.52685
49 45 0.00048
49 52 0.92666
49 55 0.08407
49 60 0.79668
49 61 0.23849
49 66 0.37786
49 67 0.75489
49 71 0.95182
49 74 0.39773
49 83 0.61938
49 88 0.90972
62 21 0.0301
62 25 0.63089
62 36 0.89309
62 41 0.5861
62 45 0.89631
62 52 0.40152
62 55 0.26548
62 60 0.19525
62 61 0.83549
62 66 0.6908
62 67 0.03533
62 71 0.13573
62 74 0.16165
62 83 0.80352
62 88 0.57051
69 21 0.95703
69 25 0.76354
69 36 0.3346
69 41 0.75468
69 45 0.74607
69 52 0.12926
69 55 0.52565
69 60 0.2723
69 61 0.84572
69 66 0.24085
69 67 0.1884
69 71 0.97533
69 74 0.5395
69 83 0.80717
69 88 0.20308
75 21 0.674
75 25 0.87766
75 36 0.59081
75 41 0.44749
75 45 0.91505
75 52 0.10362
75 55 0.88036
75 60 0.88941
75 61 0.91633
75 66 0.89132
75 67 0.36486
75 71 0.57216
75 74 0.23105
75 83 0.92592
75 88 0.93752
76 21 0.87024
76 25 0.62234
76 36 0.09152
76 41 0.55024
76 45 0.66998
76 52 0.78218
76 55 0.448
76 60 0.86122
76 61 0.38238
76 66 0.31842
76 67 0.06219
76 71 0.34632
76 74 0.03514
76 83 0.1271
76 88 0.60057
77 21 0.22543
77 25 0.13707
77 36 0.12076
77 41 0.53759
77 45 0.34966
77 52 0.99796
77 55 0.1424
77 60 0.5639
77 61 0.79507
77 66 0.53591
77 67 0.76414
77 71 0.59139
77 74 0.5461
77 83 0.64116
77 88 0.42467
78 21 0.06133
78 25 0.188
78 36 0.67078
78 41 0.86335
78 45 0.47609
78 52 0.72118
78 55 0.53741
78 60 0.70988
78 61 0.68469
78 66 0.74981
78 67 0.0133
78 71 0.51146
78 74 0.53384
78 83 0.29065
78 88 0.28813
79 21 0.3571
79 25 0.28976
79 36 0.15486
79 41 0.94341
79 45 0.96754
79 52 0.03851
79 55 0.59473
79 60 0.84359
79 61 0.45517
79 66 0.94001
79 67 0.62413
79 71 0.81881
79 74 0.90095
79 83 0.35335
79 88 0.19996
80 21 0.45663
80 25 0.47423
80 36 0.36633
80 41 0.17467
80 45 0.75975
80 52 0.00037
80 55 0.98592
80 60 0.7173
80 61 0.35187
80 66 0.24715
80 67 0.83654
80 71 0.72234
80 74 0.17601
80 83 0.94524
80 88 0.668
89 21 0.61786
89 25 0.47131
89 36 0.21519
89 41 0.71206
89 45 0.61039
89 52 0.45883
89 55 0.03055
89 60 0.56691
89 61 0.33691
89 66 0.62549
89 67 0.16746
89 71 0.22206
89 74 0.00811
89 83 0.57828
89 88 0.05903
90 21 0.24285
90 25 0.91579
90 36 0.85692
90 41 0.65801
90 45 0.36934
90 52 0.28316
90 55 0.43324
90 60 0.49818
90 61 0.12195
90 66 0.58411
90 67 0.76438
90 71 0.82468
90 74 0.95702
90 83 0.38796
90 88 0.80593
