2 1
1 3
2 3
1 4
4 2
1 5
1 5
1 6
4 6
6 7
1 7
8 1
4 8
9 8
1 9
4 10
10 2
11 4
11 2
7 12
12 1
1 13
1 13
14 4
14 2
7 15
4 15
11 16
16 11
17 1
11 17
18 13
13 18
16 19
15 19
20 11
20 11
21 10
21 1
11 22
1 22
1 23
23 1
7 24
7 24
13 25
25 1
24 26
7 26
11 27
1 27
24 28
1 28
1 29
29 20
13 30
30 12
31 6
1 31
23 32
32 18
1 33
33 29
13 34
5 34
1 35
5 35
6 36
36 31
24 37
37 1
16 38
11 38
39 2
39 24
16 40
40 34
41 4
41 7
42 17
42 1
24 43
43 37
44 1
16 44
45 5
45 4
46 13
46 25
47 31
47 7
48 3
48 1
49 1
49 28
50 1
50 15
51 7
25 51
52 8
13 52
4 53
53 4
54 18
54 6
55 52
6 55
4 56
52 56
9 57
57 20
1 58
16 58
59 1
59 1
60 15
8 60
2 61
4 61
1 62
53 62
63 15
17 63
10 64
24 64
65 13
32 65
56 66
7 66
67 14
3 67
8 68
68 54
4 69
57 69
38 70
16 70
44 71
71 62
4 72
46 72
38 73
29 73
74 67
74 29
75 7
75 3
64 76
64 76
77 57
24 77
78 52
78 16
5 79
29 79
80 25
10 80
81 25
81 76
1 82
82 53
83 14
53 83
84 57
84 25
46 85
52 85
4 86
86 8
87 24
77 87
53 88
14 88
1 89
20 89
90 14
90 29
