27 12 0.65588
27 13 0.96158
27 31 0.29953
27 33 0.48533
27 43 0.23677
27 57 0.85875
27 66 0.89718
27 69 0.94447
27 73 0.65246
27 77 0.57595
27 80 0.7161
27 81 0.00214
27 87 0.72971
47 12 0.5476
47 13 0.9139
47 31 0.06016
47 33 0.73554
47 43 0.49625
47 57 0.97212
47 66 0.8266
47 69 0.43184
47 73 0.3595
47 77 0.05693
47 80 0.11963
47 81 0.11221
47 87 0.0641
50 12 0.8038
50 13 0.54579
50 31 0.92858
50 33 0.59353
50 43 0.46062
50 57 0.01088
50 66 0.52207
50 69 0.11113
50 73 0.1228
50 77 0.07363
50 80 0.945
50 81 0.39291
50 87 0.54346
51 12 0.25531
51 13 0.55617
51 31 0.17714
51 33 0.67957
51 43 0.99611
51 57 0.31265
51 66 0.58834
51 69 0.58528
51 73 0.03614
51 77 0.72599
51 80 0.24006
51 81 0.51365
51 87 0.97666
52 12 0.1303
52 13 0.95267
52 31 0.63738
52 33 0.68585
52 43 0.77952
52 57 0.2324
52 66 0.45709
52 69 0.20466
52 73 0.95621
52 77 0.83899
52 80 0.18052
52 81 0.85608
52 87 0.47255
54 12 0.33929
54 13 0.32155
54 31 0.53743
54 33 0.9342
54 43 0.43714
54 57 0.31411
54 66 0.02906
54 69 0.62885
54 73 0.35906
54 77 0.49681
54 80 0.9886
54 81 0.08067
54 87 0.47109
55 12 0.23311
55 13 0.34451
55 31 0.64581
55 33 0.4319
55 43 0.9178
55 57 0.71634
55 66 0.81855
55 69 0.26528
55 73 0.40133
55 77 0.13903
55 80 0.38029
55 81 0.91523
55 87 0.47819
62 12 0.39849
62 13 0.14815
62 31 0.49493
62 33 0.38267
62 43 0.31423
62 57 0.26395
62 66 0.33276
62 69 0.92876
62 73 0.06101
62 77 0.94866
62 80 0.73747
62 81 0.48172
62 87 0.03848
64 12 0.99496
64 13 0.65963
64 31 0.59468
64 33 0.24859
64 43 0.56161
64 57 0.71113
64 66 0.18907
64 69 0.46194
64 73 0.96321
64 77 0.30173
64 80 0.67315
64 81 0.65919
64 87 0.03598
65 12 0.63085
65 13 0.62604
65 31 0.04345
65 33 0.64576
65 43 0.71001
65 57 0.34983
65 66 0.00511
65 69 0.74586
65 73 0.74482
65 77 0.40709
65 80 0.66781
65 81 0.10044
65 87 0.10378
76 12 0.10615
76 13 0.2538
76 31 0.06949
76 33 0.69797
76 43 0.49578
76 57 0.50705
76 66 0.17582
76 69 0.48902
76 73 0.09299
76 77 0.89424
76 80 0.5357
76 81 0.98588
76 87 0.66821
82 12 0.20277
82 13 0.00874
82 31 0.89318
82 33 0.85375
82 43 0.96743
82 57 0.26453
82 66 0.82113
82 69 0.19811
82 73 0.49063
82 77 0.08642
82 80 0.09645
82 81 0.16559
82 87 0.07194
85 12 0.33807
85 13 0.58887
85 31 0.62976
85 33 0.0036
85 43 0.85179
85 57 0.72566
85 66 0.89412
85 69 0.65466
85 73 0.97891
85 77 0.54515
85 80 0.45213
85 81 0.5547
85 87 0.91066
89 12 0.9942
89 13 0.47362
89 31 0.59004
89 33 0.51657
89 43 0.13368
89 57 0.94755
89 66 0.23928
89 69 0.37445
89 73 0.40053
89 77 0.38756
89 80 0.96327
89 81 0.43168
89 87 0.29945
