17 21 0.64804
17 25 0.59721
17 36 0.08883
17 41 0.96563
17 45 0.63254
17 52 0.10091
17 55 0.8166
17 60 0.46766
17 61 0.80891
17 66 0.73271
17 67 0.21912
17 71 0.04921
17 88 0.35236
17 94 0.43485
17 109 0.19502
17 110 0.38938
17 112 0.52086
17 116 0.63593
17 118 0.2127
17 119 0.01552
17 126 0.53271
17 130 0.48771
17 136 0.80546
17 154 0.67383
17 155 0.87865
17 157 0.62878
17 159 0.63113
17 163 0.74437
17 166 0.81798
17 169 0.32824
17 170 0.50546
17 172 0.19807
17 174 0.06607
17 175 0.442
17 185 0.8038
17 188 0.08719
17 193 0.36332
75 21 0.81115
75 25 0.02433
75 36 0.84443
75 41 0.13776
75 45 0.52233
75 52 0.6337
75 55 0.80016
75 60 0.79878
75 61 0.61303
75 66 0.34642
75 67 0.67868
75 71 0.11751
75 88 0.43402
75 94 0.54166
75 109 0.09203
75 110 0.70439
75 112 0.44309
75 116 0.06379
75 118 0.20396
75 119 0.87
75 126 0.59072
75 130 0.79633
75 136 0.40162
75 154 0.55738
75 155 0.50315
75 157 0.82164
75 159 0.91715
75 163 0.55686
75 166 0.27959
75 169 0.66133
75 170 0.40997
75 172 0.469
75 174 0.63972
75 175 0.53241
75 185 0.36482
75 188 0.76141
75 193 0.37483
77 21 0.56487
77 25 0.53389
77 36 0.12632
77 41 0.63716
77 45 0.18248
77 52 0.01132
77 55 0.84651
77 60 0.49257
77 61 0.69317
77 66 0.06195
77 67 0.01519
77 71 0.8006
77 88 0.96309
77 94 0.14232
77 109 0.3315
77 110 0.8661
77 112 0.57255
77 116 0.93626
77 118 0.34996
77 119 0.10062
77 126 0.40516
77 130 0.924
77 136 0.77961
77 154 0.46211
77 155 0.41428
77 157 0.53405
77 159 0.99598
77 163 0.29461
77 166 0.04225
77 169 0.02785
77 170 0.16712
77 172 0.60836
77 174 0.78412
77 175 0.02865
77 185 0.02171
77 188 0.52732
77 193 0.89166
79 21 0.66637
79 25 0.73925
79 36 0.31096
79 41 0.70578
79 45 0.80458
79 52 0.4139
79 55 0.01727
79 60 0.18091
79 61 0.59925
79 66 0.49635
79 67 0.19836
79 71 0.5235
79 88 0.75259
79 94 0.25489
79 109 0.67931
79 110 0.34282
79 112 0.36917
79 116 0.29492
79 118 0.75675
79 119 0.15657
79 126 0.49939
79 130 0.00588
79 136 0.65353
79 154 0.75341
79 155 0.29671
79 157 0.24879
79 159 0.05467
79 163 0.65833
79 166 0.97516
79 169 0.77164
79 170 0.56894
79 172 0.91984
79 174 0.72704
79 175 0.03144
79 185 0.51072
79 188 0.13102
79 193 0.40848
89 21 0.64511
89 25 0.30489
89 36 0.13852
89 41 0.22379
89 45 0.84893
89 52 0.43234
89 55 0.13835
89 60 0.7951
89 61 0.72952
89 66 0.01651
89 67 0.13469
89 71 0.20379
89 88 0.57465
89 94 0.16112
89 109 0.19649
89 110 0.2601
89 112 0.24706
89 116 0.71717
89 118 0.37596
89 119 0.45409
89 126 0.52744
89 130 0.80302
89 136 0.54019
89 154 0.38555
89 155 0.73082
89 157 0.75654
89 159 0.54267
89 163 0.44773
89 166 0.9306
89 169 0.53613
89 170 0.2727
89 172 0.39854
89 174 0.38558
89 175 0.5227
89 185 0.73162
89 188 0.0306
89 193 0.636
93 21 0.73218
93 25 0.64528
93 36 0.38535
93 41 0.75698
93 45 0.60087
93 52 0.45488
93 55 0.79145
93 60 0.04298
93 61 0.61594
93 66 0.25367
93 67 0.62206
93 71 0.37781
93 88 0.07979
93 94 0.2267
93 109 0.91917
93 110 0.77658
93 112 0.93474
93 116 0.46499
93 118 0.50971
93 119 0.68602
93 126 0.1347
93 130 0.45621
93 136 0.87136
93 154 0.98354
93 155 0.28155
93 157 0.34985
93 159 0.24739
93 163 0.49291
93 166 0.18687
93 169 0.21795
93 170 0.72151
93 172 0.51138
93 174 0.41066
93 175 0.66715
93 185 0.39008
93 188 0.13388
93 193 0.25611
96 21 0.42457
96 25 0.84856
96 36 0.73612
96 41 0.6198
96 45 0.25145
96 52 0.39832
96 55 0.30316
96 60 0.47104
96 61 0.59687
96 66 0.4213
96 67 0.40738
96 71 0.00746
96 88 0.09416
96 94 0.64383
96 109 0.87171
96 110 0.89732
96 112 0.49557
96 116 0.20164
96 118 0.92591
96 119 0.11973
96 126 0.85987
96 130 0.45056
96 136 0.92839
96 154 0.25122
96 155 0.44364
96 157 0.88548
96 159 0.27439
96 163 0.00107
96 166 0.28619
96 169 0.85717
96 170 0.89555
96 172 0.79915
96 174 0.42107
96 175 0.95469
96 185 0.82641
96 188 0.08333
96 193 0.84084
98 21 0.61108
98 25 0.15602
98 36 0.30834
98 41 0.83855
98 45 0.28392
98 52 0.67773
98 55 0.90354
98 60 0.13612
98 61 0.22139
98 66 0.07306
98 67 0.404
98 71 0.62031
98 88 0.75178
98 94 0.13302
98 109 0.1507
98 110 0.29731
98 112 0.66308
98 116 0.10583
98 118 0.45281
98 119 0.61104
98 126 0.78887
98 130 0.75758
98 136 0.07557
98 154 0.40862
98 155 0.69123
98 157 0.00958
98 159 0.44701
98 163 0.64316
98 166 0.59876
98 169 0.4015
98 170 0.18369
98 172 0.40006
98 174 0.38047
98 175 0.50088
98 185 0.48483
98 188 0.38856
98 193 0.4557
103 21 0.93616
103 25 0.84725
103 36 0.47889
103 41 0.53632
103 45 0.26077
103 52 0.36686
103 55 0.84719
103 60 0.32251
103 61 0.39347
103 66 0.29731
103 67 0.94803
103 71 0.90347
103 88 0.52578
103 94 0.31843
103 109 0.4761
103 110 0.39187
103 112 0.21816
103 116 0.3675
103 118 0.27459
103 119 0.47413
103 126 0.52353
103 130 0.32661
103 136 0.4048
103 154 0.80242
103 155 0.36383
103 157 0.96427
103 159 0.33591
103 163 0.15366
103 166 0.45049
103 169 0.28257
103 170 0.61105
103 172 0.47191
103 174 0.97467
103 175 0.09327
103 185 0.85421
103 188 0.47203
103 193 0.76734
104 21 0.49281
104 25 0.19563
104 36 0.29328
104 41 0.00551
104 45 0.14394
104 52 0.97563
104 55 0.79881
104 60 0.16583
104 61 0.45104
104 66 0.74899
104 67 0.5886
104 71 0.47092
104 88 0.78967
104 94 0.12641
104 109 0.47315
104 110 0.1617
104 112 0.89317
104 116 0.73616
104 118 0.74317
104 119 0.38586
104 126 0.53025
104 130 0.94737
104 136 0.47914
104 154 0.4761
104 155 0.07349
104 157 0.53776
104 159 0.12213
104 163 0.79601
104 166 0.91358
104 169 0.82472
104 170 0.18896
104 172 0.9819
104 174 0.63823
104 175 0.44245
104 185 0.72585
104 188 0.24139
104 193 0.85636
107 21 0.91781
107 25 0.09823
107 36 0.98416
107 41 0.38143
107 45 0.10003
107 52 0.80715
107 55 0.69065
107 60 0.40072
107 61 0.59067
107 66 0.89506
107 67 0.32419
107 71 0.88381
107 88 0.93206
107 94 0.42871
107 109 0.50223
107 110 0.26511
107 112 0.98941
107 116 0.37289
107 118 0.98857
107 119 0.64202
107 126 0.25085
107 130 0.94897
107 136 0.03159
107 154 0.3389
107 155 0.36738
107 157 0.32868
107 159 0.62777
107 163 0.80222
107 166 0.50642
107 169 0.99066
107 170 0.62376
107 172 0.45193
107 174 0.29291
107 175 0.74806
107 185 0.42828
107 188 0.26794
107 193 0.09536
128 21 0.70433
128 25 0.90936
128 36 0.80215
128 41 0.46922
128 45 0.16718
128 52 0.55557
128 55 0.4397
128 60 0.67573
128 61 0.40042
128 66 0.45989
128 67 0.57288
128 71 0.356
128 88 0.6527
128 94 0.20435
128 109 0.56822
128 110 0.69646
128 112 0.55921
128 116 0.0881
128 118 0.71999
128 119 0.37442
128 126 0.15506
128 130 0.30958
128 136 0.74201
128 154 0.20207
128 155 0.69486
128 157 0.54433
128 159 0.3167
128 163 0.21245
128 166 0.35805
128 169 0.33811
128 170 0.88754
128 172 0.79582
128 174 0.59392
128 175 0.07429
128 185 0.89628
128 188 0.31593
128 193 0.56753
131 21 0.38326
131 25 0.3815
131 36 0.74262
131 41 0.63438
131 45 0.39683
131 52 0.25373
131 55 0.60313
131 60 0.65976
131 61 0.76854
131 66 0.94313
131 67 0.43576
131 71 0.59923
131 88 0.61922
131 94 0.28138
131 109 0.10823
131 110 0.95507
131 112 0.07117
131 116 0.64953
131 118 0.26252
131 119 0.39931
131 126 0.13642
131 130 0.43921
131 136 0.62474
131 154 0.09488
131 155 0.70984
131 157 0.01445
131 159 0.71768
131 163 0.28273
131 166 0.8284
131 169 0.53572
131 170 0.4803
131 172 0.63971
131 174 0.47541
131 175 0.54825
131 185 0.09586
131 188 0.17527
131 193 0.52318
148 21 0.02024
148 25 0.21009
148 36 0.71046
148 41 0.53154
148 45 0.98192
148 52 0.56005
148 55 0.59116
148 60 0.04633
148 61 0.85376
148 66 0.62552
148 67 0.04788
148 71 0.51956
148 88 0.74208
148 94 0.38017
148 109 0.49168
148 110 0.56801
148 112 0.14933
148 116 0.69173
148 118 0.71092
148 119 0.30601
148 126 0.86635
148 130 0.27088
148 136 0.36923
148 154 0.84304
148 155 0.35515
148 157 0.19941
148 159 0.22378
148 163 0.24201
148 166 0.75179
148 169 0.10447
148 170 0.41496
148 172 0.00978
148 174 0.40634
148 175 0.7471
148 185 0.76324
148 188 0.89012
148 193 0.43972
149 21 0.00965
149 25 0.19493
149 36 0.38351
149 41 0.01331
149 45 0.33205
149 52 0.18366
149 55 0.18887
149 60 0.79267
149 61 0.343
149 66 0.1265
149 67 0.79552
149 71 0.83482
149 88 0.76854
149 94 0.04135
149 109 0.80352
149 110 0.84636
149 112 0.36963
149 116 0.14706
149 118 0.87695
149 119 0.6533
149 126 0.59973
149 130 0.11674
149 136 0.22322
149 154 0.45954
149 155 0.57132
149 157 0.82113
149 159 0.88448
149 163 0.48696
149 166 0.04826
149 169 0.13386
149 170 0.15191
149 172 0.67301
149 174 0.44105
149 175 0.13562
149 185 0.71094
149 188 0.08873
149 193 0.02223
153 21 0.5879
153 25 0.60264
153 36 0.48901
153 41 0.21412
153 45 0.91674
153 52 0.50395
153 55 0.20416
153 60 0.72798
153 61 0.7942
153 66 0.46631
153 67 0.42802
153 71 0.64733
153 88 0.42494
153 94 0.74213
153 109 0.01711
153 110 0.73285
153 112 0.96584
153 116 0.16887
153 118 0.20796
153 119 0.52942
153 126 0.19968
153 130 0.63991
153 136 0.30493
153 154 0.02921
153 155 0.20782
153 157 0.80071
153 159 0.51398
153 163 0.64329
153 166 0.82321
153 169 0.4108
153 170 0.89896
153 172 0.85676
153 174 0.59586
153 175 0.01668
153 185 0.36793
153 188 0.19442
153 193 0.94895
158 21 0.40033
158 25 0.16635
158 36 0.56263
158 41 0.43765
158 45 0.30265
158 52 0.4319
158 55 0.65052
158 60 0.22572
158 61 0.20126
158 66 0.15741
158 67 0.27175
158 71 0.8689
158 88 0.79751
158 94 0.79987
158 109 0.59421
158 110 0.24876
158 112 0.96687
158 116 0.54192
158 118 0.60999
158 119 0.65302
158 126 0.47077
158 130 0.54908
158 136 0.5732
158 154 0.95879
158 155 0.15961
158 157 0.30191
158 159 0.75338
158 163 0.94926
158 166 0.11668
158 169 0.61087
158 170 0.34566
158 172 0.6733
158 174 0.02297
158 175 0.47505
158 185 0.91899
158 188 0.89165
158 193 0.04077
160 21 0.8986
160 25 0.59991
160 36 0.61735
160 41 0.7865
160 45 0.96731
160 52 0.48128
160 55 0.24522
160 60 0.27574
160 61 0.94613
160 66 0.62715
160 67 0.69555
160 71 0.80757
160 88 0.26554
160 94 0.30793
160 109 0.77623
160 110 0.68039
160 112 0.10321
160 116 0.02951
160 118 0.94096
160 119 0.89021
160 126 0.01736
160 130 0.78462
160 136 0.65699
160 154 0.39457
160 155 0.30613
160 157 0.63835
160 159 0.38125
160 163 0.31122
160 166 0.20897
160 169 0.67603
160 170 0.53891
160 172 0.47532
160 174 0.86256
160 175 0.29054
160 185 0.02383
160 188 0.13856
160 193 0.57852
162 21 0.106
162 25 0.77249
162 36 0.7674
162 41 0.57132
162 45 0.20887
162 52 0.30191
162 55 0.67488
162 60 0.87332
162 61 0.19052
162 66 0.95614
162 67 0.53457
162 71 0.48197
162 88 0.1329
162 94 0.73982
162 109 0.43657
162 110 0.45988
162 112 0.69337
162 116 0.06163
162 118 0.20458
162 119 0.0996
162 126 0.52837
162 130 0.27906
162 136 0.32785
162 154 0.5995
162 155 0.80995
162 157 0.57254
162 159 0.42767
162 163 0.74077
162 166 0.34305
162 169 0.14205
162 170 0.54263
162 172 0.9289
162 174 0.18506
162 175 0.41787
162 185 0.56756
162 188 0.13959
162 193 0.03305
164 21 0.21903
164 25 0.8412
164 36 0.23172
164 41 0.58595
164 45 0.2479
164 52 0.08748
164 55 0.96518
164 60 0.01211
164 61 0.15662
164 66 0.88045
164 67 0.59453
164 71 0.15157
164 88 0.23171
164 94 0.0051
164 109 0.66912
164 110 0.20032
164 112 0.30849
164 116 0.66809
164 118 0.03837
164 119 0.47549
164 126 0.0312
164 130 0.5587
164 136 0.32457
164 154 0.33096
164 155 0.1941
164 157 0.71071
164 159 0.94919
164 163 0.68942
164 166 0.38424
164 169 0.51269
164 170 0.40928
164 172 0.67261
164 174 0.7167
164 175 0.83771
164 185 0.37406
164 188 0.66482
164 193 0.84156
168 21 0.25321
168 25 0.11466
168 36 0.93392
168 41 0.98516
168 45 0.27413
168 52 0.28289
168 55 0.99744
168 60 0.16157
168 61 0.24629
168 66 0.68204
168 67 0.52629
168 71 0.86341
168 88 0.64823
168 94 0.69477
168 109 0.23264
168 110 0.47321
168 112 0.83801
168 116 0.39534
168 118 0.02547
168 119 0.42357
168 126 0.5096
168 130 0.47262
168 136 0.36783
168 154 0.47884
168 155 0.98406
168 157 0.19923
168 159 0.59145
168 163 0.10521
168 166 0.26324
168 169 0.09018
168 170 0.00797
168 172 0.34591
168 174 0.31283
168 175 0.56819
168 185 0.53566
168 188 0.71536
168 193 0.52996
178 21 0.2852
178 25 0.20595
178 36 0.15205
178 41 0.1518
178 45 0.40204
178 52 0.24565
178 55 0.71271
178 60 0.54144
178 61 0.30057
178 66 0.37078
178 67 0.44915
178 71 0.66808
178 88 0.45535
178 94 0.22858
178 109 0.04709
178 110 0.49206
178 112 0.30927
178 116 0.15866
178 118 0.9442
178 119 0.21687
178 126 0.89662
178 130 0.88664
178 136 0.1518
178 154 0.24334
178 155 0.10639
178 157 0.32592
178 159 0.15962
178 163 0.27124
178 166 0.65046
178 169 0.51071
178 170 0.27618
178 172 0.86218
178 174 0.73071
178 175 0.99356
178 185 0.3284
178 188 0.44001
178 193 0.42992
187 21 0.8833
187 25 0.9503
187 36 0.30263
187 41 0.26388
187 45 0.54832
187 52 0.31189
187 55 0.82875
187 60 0.61579
187 61 0.66944
187 66 0.36603
187 67 0.62886
187 71 0.83884
187 88 0.04885
187 94 0.65792
187 109 0.16919
187 110 0.79766
187 112 0.7246
187 116 0.8834
187 118 0.76398
187 119 0.96058
187 126 0.39065
187 130 0.39438
187 136 0.66415
187 154 0.74263
187 155 0.14627
187 157 0.87271
187 159 0.55523
187 163 0.25934
187 166 0.61758
187 169 0.15829
187 170 0.06818
187 172 0.73034
187 174 0.41744
187 175 0.39676
187 185 0.30767
187 188 0.07924
187 193 0.69039
199 21 0.40663
199 25 0.59777
199 36 0.61188
199 41 0.47959
199 45 0.0269
199 52 0.93484
199 55 0.02007
199 60 0.2356
199 61 0.77149
199 66 0.74963
199 67 0.8954
199 71 0.76479
199 88 0.1427
199 94 0.25766
199 109 0.98418
199 110 0.86148
199 112 0.5779
199 116 0.64984
199 118 0.54987
199 119 0.9326
199 126 0.00611
199 130 0.12231
199 136 0.63822
199 154 0.24795
199 155 0.54994
199 157 0.73543
199 159 0.97761
199 163 0.73505
199 166 0.91679
199 169 0.49364
199 170 0.58208
199 172 0.64478
199 174 0.73026
199 175 0.75243
199 185 0.24995
199 188 0.52549
199 193 0.21698
