28 18 0.37495
28 43 0.47004
28 48 0.79939
28 53 0.74242
28 58 0.96273
28 60 0.59397
28 61 0.0198
28 73 0.07883
28 84 0.0673
28 88 0.45058
28 89 0.52449
28 94 0.80002
28 96 0.66884
28 107 0.74723
28 112 0.19674
28 115 0.10239
28 116 0.02189
28 119 0.16117
28 125 0.73967
28 128 0.34903
28 129 0.7346
28 133 0.02917
28 148 0.99255
28 154 0.86497
28 159 0.22579
28 164 0.05466
28 165 0.29133
28 168 0.30438
28 175 0.78698
28 179 0.84787
28 180 0.4206
28 182 0.07603
28 185 0.59961
28 186 0.61138
28 190 0.39028
42 18 0.72602
42 43 0.98351
42 48 0.14459
42 53 0.60386
42 58 0.2637
42 60 0.81389
42 61 0.98195
42 73 0.36754
42 84 0.29681
42 88 0.72584
42 89 0.60922
42 94 0.00998
42 96 0.98913
42 107 0.15796
42 112 0.66326
42 115 0.46268
42 116 0.85913
42 119 0.15666
42 125 0.16483
42 128 0.84033
42 129 0.63928
42 133 0.32967
42 148 0.55884
42 154 0.97549
42 159 0.40713
42 164 0.74704
42 165 0.75794
42 168 0.58928
42 175 0.33473
42 179 0.10411
42 180 0.71088
42 182 0.22075
42 185 0.41002
42 186 0.00807
42 190 0.78361
49 18 0.19046
49 43 0.23187
49 48 0.93698
49 53 0.1779
49 58 0.41946
49 60 0.00667
49 61 0.0675
49 73 0.28508
49 84 0.222
49 88 0.06396
49 89 0.76928
49 94 0.74787
49 96 0.67617
49 107 0.01016
49 112 0.29942
49 115 0.40008
49 116 0.09762
49 119 0.71016
49 125 0.48612
49 128 0.63431
49 129 0.776
49 133 0.50448
49 148 0.88015
49 154 0.62019
49 159 0.84088
49 164 0.72304
49 165 0.10631
49 168 0.83066
49 175 0.48194
49 179 0.50042
49 180 0.54024
49 182 0.4991
49 185 0.16469
49 186 0.04095
49 190 0.238
52 18 0.21289
52 43 0.12324
52 48 0.98525
52 53 0.00721
52 58 0.36975
52 60 0.27513
52 61 0.89804
52 73 0.02173
52 84 0.95936
52 88 0.65449
52 89 0.98028
52 94 0.98052
52 96 0.94257
52 107 0.52278
52 112 0.30971
52 115 0.17544
52 116 0.37242
52 119 0.37366
52 125 0.50112
52 128 0.62538
52 129 0.98295
52 133 0.72902
52 148 0.5616
52 154 0.51427
52 159 0.16681
52 164 0.02636
52 165 0.35252
52 168 0.97422
52 175 0.21271
52 179 0.75547
52 180 0.7013
52 182 0.51162
52 185 0.66163
52 186 0.26385
52 190 0.672
55 18 0.57133
55 43 0.44504
55 48 0.90411
55 53 0.08529
55 58 0.70124
55 60 0.0222
55 61 0.58778
55 73 0.52674
55 84 0.1455
55 88 0.74399
55 89 0.55608
55 94 0.78045
55 96 0.17331
55 107 0.69259
55 112 0.6373
55 115 0.22525
55 116 0.78748
55 119 0.81578
55 125 0.06105
55 128 0.86395
55 129 0.94994
55 133 0.27459
55 148 0.17507
55 154 0.55575
55 159 0.87127
55 164 0.05509
55 165 0.03784
55 168 0.29323
55 175 0.89233
55 179 0.3947
55 180 0.65845
55 182 0.596
55 185 0.58953
55 186 0.6972
55 190 0.43698
68 18 0.61314
68 43 0.46224
68 48 0.07848
68 53 0.09276
68 58 0.59392
68 60 0.37725
68 61 0.94331
68 73 0.21056
68 84 0.2194
68 88 0.63016
68 89 0.07081
68 94 0.70734
68 96 0.67319
68 107 0.01773
68 112 0.16761
68 115 0.99963
68 116 0.54708
68 119 0.53039
68 125 0.1556
68 128 0.83338
68 129 0.87754
68 133 0.05436
68 148 0.80772
68 154 0.41586
68 159 0.27142
68 164 0.26179
68 165 0.75692
68 168 0.70361
68 175 0.61052
68 179 0.00808
68 180 0.72541
68 182 0.26755
68 185 0.00042
68 186 0.72404
68 190 0.98249
69 18 0.51452
69 43 0.37872
69 48 0.06125
69 53 0.68127
69 58 0.93128
69 60 0.81509
69 61 0.42232
69 73 0.68621
69 84 0.11164
69 88 0.60734
69 89 0.00423
69 94 0.95077
69 96 0.81888
69 107 0.0127
69 112 0.78396
69 115 0.72417
69 116 0.23506
69 119 0.32722
69 125 0.69938
69 128 0.82299
69 129 0.73143
69 133 0.89774
69 148 0.28449
69 154 0.14551
69 159 0.79998
69 164 0.18453
69 165 0.32781
69 168 0.86656
69 175 0.9724
69 179 0.67235
69 180 0.72485
69 182 0.9764
69 185 0.01513
69 186 0.62334
69 190 0.32132
71 18 0.57472
71 43 0.76463
71 48 0.49101
71 53 0.37057
71 58 0.82003
71 60 0.30164
71 61 0.15247
71 73 0.82042
71 84 0.10618
71 88 0.99828
71 89 0.82936
71 94 0.72748
71 96 0.5348
71 107 0.80513
71 112 0.23807
71 115 0.58098
71 116 0.06257
71 119 0.25324
71 125 0.31688
71 128 0.00808
71 129 0.99272
71 133 0.78947
71 148 0.57093
71 154 0.94259
71 159 0.49408
71 164 0.63786
71 165 0.30813
71 168 0.76381
71 175 0.46209
71 179 0.1937
71 180 0.53862
71 182 0.96163
71 185 0.57626
71 186 0.24906
71 190 0.19316
76 18 0.26674
76 43 0.32981
76 48 0.90471
76 53 0.27051
76 58 0.79984
76 60 0.74191
76 61 0.69101
76 73 0.52654
76 84 0.88142
76 88 0.26158
76 89 0.83391
76 94 0.03222
76 96 0.85206
76 107 0.98037
76 112 0.53826
76 115 0.39483
76 116 0.41023
76 119 0.06887
76 125 0.67343
76 128 0.64397
76 129 0.95952
76 133 0.20728
76 148 0.05119
76 154 0.0517
76 159 0.42304
76 164 0.90758
76 165 0.78568
76 168 0.66059
76 175 0.418
76 179 0.09569
76 180 0.48291
76 182 0.80628
76 185 0.58664
76 186 0.53199
76 190 0.78989
92 18 0.41489
92 43 0.72076
92 48 0.69917
92 53 0.50843
92 58 0.77782
92 60 0.08723
92 61 0.1867
92 73 0.5482
92 84 0.36177
92 88 0.8645
92 89 0.12184
92 94 0.09946
92 96 0.82816
92 107 0.27127
92 112 0.24916
92 115 0.74284
92 116 0.60485
92 119 0.82569
92 125 0.95508
92 128 0.07448
92 129 0.16084
92 133 0.96616
92 148 0.55823
92 154 0.33853
92 159 0.56154
92 164 0.75239
92 165 0.85338
92 168 0.26298
92 175 0.81333
92 179 0.74833
92 180 0.91316
92 182 0.42726
92 185 0.10356
92 186 0.19503
92 190 0.69795
98 18 0.40355
98 43 0.40885
98 48 0.86521
98 53 0.46086
98 58 0.74119
98 60 0.22087
98 61 0.38846
98 73 0.03443
98 84 0.08653
98 88 0.52115
98 89 0.77593
98 94 0.17361
98 96 0.41831
98 107 0.08431
98 112 0.58328
98 115 0.7016
98 116 0.60065
98 119 0.34567
98 125 0.35262
98 128 0.61974
98 129 0.99495
98 133 0.71371
98 148 0.16956
98 154 0.89671
98 159 0.78105
98 164 0.42654
98 165 0.45943
98 168 0.81353
98 175 0.21898
98 179 0.09865
98 180 0.27024
98 182 0.35053
98 185 0.83567
98 186 0.71383
98 190 0.7727
102 18 0.62977
102 43 0.34659
102 48 0.56512
102 53 0.45861
102 58 0.23346
102 60 0.76106
102 61 0.8908
102 73 0.42603
102 84 0.16269
102 88 0.2615
102 89 0.73765
102 94 0.81801
102 96 0.88953
102 107 0.5009
102 112 0.3922
102 115 0.22168
102 116 0.85181
102 119 0.11767
102 125 0.12086
102 128 0.37715
102 129 0.58062
102 133 0.26082
102 148 0.69987
102 154 0.16772
102 159 0.63036
102 164 0.83881
102 165 0.5637
102 168 0.63913
102 175 0.92962
102 179 0.70553
102 180 0.94229
102 182 0.03114
102 185 0.21249
102 186 0.41366
102 190 0.79829
108 18 0.65779
108 43 0.18738
108 48 0.81267
108 53 0.75792
108 58 0.93263
108 60 0.49341
108 61 0.69813
108 73 0.06241
108 84 0.9888
108 88 0.15981
108 89 0.52225
108 94 0.98281
108 96 0.24473
108 107 0.05912
108 112 0.97045
108 115 0.39876
108 116 0.5068
108 119 0.94951
108 125 0.60091
108 128 0.24947
108 129 0.45261
108 133 0.97797
108 148 0.01589
108 154 0.58807
108 159 0.10708
108 164 0.67087
108 165 0.76975
108 168 0.89333
108 175 0.84639
108 179 0.14294
108 180 0.14898
108 182 0.73643
108 185 0.42682
108 186 0.5904
108 190 0.87202
114 18 0.01788
114 43 0.17534
114 48 0.2836
114 53 0.73302
114 58 0.73049
114 60 0.2604
114 61 0.8927
114 73 0.49332
114 84 0.29817
114 88 0.97232
114 89 0.49033
114 94 0.17537
114 96 0.91224
114 107 0.3645
114 112 0.14191
114 115 0.52298
114 116 0.15172
114 119 0.29411
114 125 0.2583
114 128 0.69281
114 129 0.57079
114 133 0.34442
114 148 0.70921
114 154 0.93093
114 159 0.41989
114 164 0.6634
114 165 0.21615
114 168 0.99344
114 175 0.27966
114 179 0.62292
114 180 0.76042
114 182 0.38835
114 185 0.54576
114 186 0.87246
114 190 0.99571
117 18 0.43048
117 43 0.19494
117 48 0.21101
117 53 0.08534
117 58 0.57251
117 60 0.02231
117 61 0.90521
117 73 0.94389
117 84 0.71715
117 88 0.22616
117 89 0.46502
117 94 0.07883
117 96 0.56255
117 107 0.35042
117 112 0.41169
117 115 0.0609
117 116 0.3468
117 119 0.01057
117 125 0.19288
117 128 0.02696
117 129 0.77832
117 133 0.27946
117 148 0.70296
117 154 0.0299
117 159 0.45712
117 164 0.33636
117 165 0.80323
117 168 0.22766
117 175 0.35514
117 179 0.9734
117 180 0.80833
117 182 0.07517
117 185 0.46432
117 186 0.40749
117 190 0.84025
122 18 0.87721
122 43 0.97513
122 48 0.91516
122 53 0.3027
122 58 0.20086
122 60 0.75166
122 61 0.68886
122 73 0.66792
122 84 0.3566
122 88 0.56594
122 89 0.10244
122 94 0.51645
122 96 0.44535
122 107 0.36158
122 112 0.17568
122 115 0.7569
122 116 0.56799
122 119 0.80177
122 125 0.11978
122 128 0.29324
122 129 0.19606
122 133 0.12548
122 148 0.77546
122 154 0.71869
122 159 0.9962
122 164 0.80373
122 165 0.84352
122 168 0.672
122 175 0.36756
122 179 0.94679
122 180 0.92698
122 182 0.61386
122 185 0.54185
122 186 0.43468
122 190 0.69859
130 18 0.25483
130 43 0.1375
130 48 0.25248
130 53 0.25537
130 58 0.09632
130 60 0.20895
130 61 0.98347
130 73 0.15934
130 84 0.74171
130 88 0.2604
130 89 0.34494
130 94 0.26036
130 96 0.72702
130 107 0.12004
130 112 0.82631
130 115 0.56185
130 116 0.11016
130 119 0.01394
130 125 0.76455
130 128 0.22304
130 129 0.59301
130 133 0.54838
130 148 0.74453
130 154 0.91202
130 159 0.86727
130 164 0.69727
130 165 0.20835
130 168 0.68041
130 175 0.59134
130 179 0.55568
130 180 0.8358
130 182 0.53846
130 185 0.21182
130 186 0.27677
130 190 0.86489
138 18 0.57571
138 43 0.39136
138 48 0.60132
138 53 0.60074
138 58 0.04513
138 60 0.45032
138 61 0.2003
138 73 0.82424
138 84 0.06245
138 88 0.61121
138 89 0.10088
138 94 0.11489
138 96 0.34225
138 107 0.76681
138 112 0.83582
138 115 0.03719
138 116 0.87923
138 119 0.31224
138 125 0.49264
138 128 0.03967
138 129 0.76205
138 133 0.24729
138 148 0.01933
138 154 0.73638
138 159 0.99786
138 164 0.64437
138 165 0.1165
138 168 0.62784
138 175 0.74499
138 179 0.07347
138 180 0.60559
138 182 0.68479
138 185 0.36533
138 186 0.01969
138 190 0.86912
147 18 0.83456
147 43 0.02705
147 48 0.25514
147 53 0.72797
147 58 0.64962
147 60 0.91894
147 61 0.48077
147 73 0.10334
147 84 0.15593
147 88 0.91806
147 89 0.74974
147 94 0.22888
147 96 0.11393
147 107 0.68752
147 112 0.42807
147 115 0.3739
147 116 0.63348
147 119 0.53798
147 125 0.86864
147 128 0.81508
147 129 0.31615
147 133 0.47037
147 148 0.96429
147 154 0.33937
147 159 0.20558
147 164 0.37367
147 165 0.53663
147 168 0.7095
147 175 0.41456
147 179 0.01088
147 180 0.46919
147 182 0.78376
147 185 0.82205
147 186 0.87733
147 190 0.29675
157 18 0.81754
157 43 0.51671
157 48 0.68504
157 53 0.87995
157 58 0.45555
157 60 0.73554
157 61 0.36803
157 73 0.78615
157 84 0.01065
157 88 0.15511
157 89 0.31985
157 94 0.44062
157 96 0.06321
157 107 0.98722
157 112 0.65234
157 115 0.88139
157 116 0.80193
157 119 0.06044
157 125 0.05015
157 128 0.62553
157 129 0.44068
157 133 0.75632
157 148 0.86276
157 154 0.87222
157 159 0.65948
157 164 0.36639
157 165 0.0746
157 168 0.51053
157 175 0.83405
157 179 0.04489
157 180 0.22543
157 182 0.91051
157 185 0.85027
157 186 0.57504
157 190 0.74663
167 18 0.47221
167 43 0.79323
167 48 0.05036
167 53 0.70994
167 58 0.89449
167 60 0.61936
167 61 0.86276
167 73 0.15992
167 84 0.2851
167 88 0.71507
167 89 0.90966
167 94 0.50719
167 96 0.47774
167 107 0.52247
167 112 0.84087
167 115 0.7443
167 116 0.55088
167 119 0.85483
167 125 0.48359
167 128 0.1142
167 129 0.26025
167 133 0.58664
167 148 0.74274
167 154 0.01548
167 159 0.55977
167 164 0.8485
167 165 0.02909
167 168 0.15728
167 175 0.76749
167 179 0.76865
167 180 0.36198
167 182 0.58193
167 185 0.64275
167 186 0.03109
167 190 0.4778
171 18 0.06181
171 43 0.06781
171 48 0.18653
171 53 0.80714
171 58 0.75018
171 60 0.89304
171 61 0.51536
171 73 0.91559
171 84 0.3496
171 88 0.80395
171 89 0.64385
171 94 0.13593
171 96 0.1944
171 107 0.50019
171 112 0.1621
171 115 0.94777
171 116 0.3837
171 119 0.12621
171 125 0.97954
171 128 0.99339
171 129 0.41771
171 133 0.62818
171 148 0.91643
171 154 0.33516
171 159 0.27884
171 164 0.377
171 165 0.70677
171 168 0.88992
171 175 0.95154
171 179 0.51065
171 180 0.59969
171 182 0.36749
171 185 0.91615
171 186 0.89948
171 190 0.24236
173 18 0.08863
173 43 0.54214
173 48 0.59052
173 53 0.51202
173 58 0.63834
173 60 0.60133
173 61 0.69103
173 73 0.81399
173 84 0.74896
173 88 0.17989
173 89 0.3204
173 94 0.71062
173 96 0.55048
173 107 0.27057
173 112 0.69016
173 115 0.64753
173 116 0.18605
173 119 0.02143
173 125 0.67648
173 128 0.95916
173 129 0.35749
173 133 0.64614
173 148 0.24001
173 154 0.30416
173 159 0.83133
173 164 0.17638
173 165 0.91181
173 168 0.28892
173 175 0.84908
173 179 0.30763
173 180 0.97486
173 182 0.51681
173 185 0.70128
173 186 0.99431
173 190 0.21447
174 18 0.19044
174 43 0.78179
174 48 0.9883
174 53 0.09933
174 58 0.26165
174 60 0.4762
174 61 0.62832
174 73 0.85701
174 84 0.34152
174 88 0.32513
174 89 0.98468
174 94 0.48083
174 96 0.84168
174 107 0.80332
174 112 0.20105
174 115 0.49375
174 116 0.14909
174 119 0.68739
174 125 0.87312
174 128 0.73026
174 129 0.5635
174 133 0.36791
174 148 0.04526
174 154 0.45441
174 159 0.57331
174 164 0.58813
174 165 0.62784
174 168 0.20639
174 175 0.81519
174 179 0.9115
174 180 0.85979
174 182 0.50942
174 185 0.88683
174 186 0.26993
174 190 0.67764
176 18 0.22953
176 43 0.66653
176 48 0.94761
176 53 0.68668
176 58 0.55611
176 60 0.62839
176 61 0.49939
176 73 0.15874
176 84 0.65022
176 88 0.69018
176 89 0.56098
176 94 0.08918
176 96 0.45985
176 107 0.45363
176 112 0.87343
176 115 0.62499
176 116 0.6904
176 119 0.73465
176 125 0.87584
176 128 0.62266
176 129 0.05302
176 133 0.85992
176 148 0.5741
176 154 0.34171
176 159 0.55244
176 164 0.91639
176 165 0.16803
176 168 0.54837
176 175 0.89849
176 179 0.02975
176 180 0.75322
176 182 0.73076
176 185 0.78647
176 186 0.88
176 190 0.07893
181 18 0.62549
181 43 0.50492
181 48 0.39443
181 53 0.32416
181 58 0.11567
181 60 0.93103
181 61 0.86653
181 73 0.25609
181 84 0.55187
181 88 0.54424
181 89 0.60513
181 94 0.87946
181 96 0.16106
181 107 0.1252
181 112 0.71021
181 115 0.37452
181 116 0.80034
181 119 0.19325
181 125 0.42924
181 128 0.87696
181 129 0.82775
181 133 0.39272
181 148 0.36177
181 154 0.94261
181 159 0.19405
181 164 0.21514
181 165 0.82104
181 168 0.71369
181 175 0.54929
181 179 0.3845
181 180 0.90724
181 182 0.09733
181 185 0.15106
181 186 0.54476
181 190 0.91761
184 18 0.32933
184 43 0.67935
184 48 0.20344
184 53 0.4098
184 58 0.57631
184 60 0.46562
184 61 0.78227
184 73 0.20836
184 84 0.48719
184 88 0.11263
184 89 0.38775
184 94 0.12073
184 96 0.69808
184 107 0.2257
184 112 0.43247
184 115 0.17148
184 116 0.89087
184 119 0.46443
184 125 0.83327
184 128 0.67738
184 129 0.45328
184 133 0.15663
184 148 0.34543
184 154 0.15364
184 159 0.08908
184 164 0.66581
184 165 0.66942
184 168 0.40597
184 175 0.52063
184 179 0.37857
184 180 0.41615
184 182 0.78412
184 185 0.89549
184 186 0.78516
184 190 0.98118
189 18 0.35856
189 43 0.0594
189 48 0.12362
189 53 0.04474
189 58 0.03867
189 60 0.16262
189 61 0.51065
189 73 0.78104
189 84 0.55409
189 88 0.67286
189 89 0.57992
189 94 0.19365
189 96 0.5908
189 107 0.99591
189 112 0.83718
189 115 0.483
189 116 0.35239
189 119 0.2014
189 125 0.80048
189 128 0.07456
189 129 0.53379
189 133 0.22293
189 148 0.89259
189 154 0.10032
189 159 0.51922
189 164 0.65535
189 165 0.69297
189 168 0.54918
189 175 0.3944
189 179 0.68333
189 180 0.22992
189 182 0.95697
189 185 0.23309
189 186 0.9969
189 190 0.45933
