27 13 0.2297
27 31 0.59319
27 57 0.07168
27 73 0.78683
27 77 0.72548
27 80 0.34719
27 81 0.22679
27 87 0.38329
27 98 0.01673
27 104 0.32302
27 106 0.82396
27 108 0.62933
27 123 0.30497
27 132 0.15446
27 133 0.44033
27 138 0.31136
27 143 0.90522
27 144 0.2333
27 145 0.81738
27 146 0.40982
27 148 0.1175
51 13 0.58623
51 31 0.06948
51 57 0.918
51 73 0.0215
51 77 0.0975
51 80 0.92355
51 81 0.31604
51 87 0.2347
51 98 0.98155
51 104 0.77697
51 106 0.62537
51 108 0.04062
51 123 0.10622
51 132 0.83958
51 133 0.35681
51 138 0.5035
51 143 0.37463
51 144 0.21804
51 145 0.60782
51 146 0.99874
51 148 0.83549
52 13 0.71262
52 31 0.61064
52 57 0.11324
52 73 0.66753
52 77 0.47132
52 80 0.02542
52 81 0.52942
52 87 0.45949
52 98 0.17478
52 104 0.01568
52 106 0.57444
52 108 0.66953
52 123 0.24947
52 132 0.73324
52 133 0.93471
52 138 0.73237
52 143 0.88353
52 144 0.39941
52 145 0.63575
52 146 0.27106
52 148 0.73743
54 13 0.8753
54 31 0.03562
54 57 0.89669
54 73 0.4741
54 77 0.19876
54 80 0.76883
54 81 0.19216
54 87 0.79902
54 98 0.93943
54 104 0.36695
54 106 0.1655
54 108 0.77323
54 123 0.34397
54 132 0.11335
54 133 0.11692
54 138 0.27351
54 143 0.74914
54 144 0.90534
54 145 0.48595
54 146 0.48811
54 148 0.2534
55 13 0.66202
55 31 0.40573
55 57 0.55167
55 73 0.6
55 77 0.35475
55 80 0.15223
55 81 0.34647
55 87 0.03353
55 98 0.7286
55 104 0.51154
55 106 0.4648
55 108 0.5106
55 123 0.20376
55 132 0.53165
55 133 0.18093
55 138 0.88188
55 143 0.84451
55 144 0.36407
55 145 0.16703
55 146 0.68939
55 148 0.35287
64 13 0.91403
64 31 0.57861
64 57 0.72359
64 73 0.30926
64 77 0.01251
64 80 0.35674
64 81 0.35872
64 87 0.13653
64 98 0.93848
64 104 0.49439
64 106 0.56497
64 108 0.99087
64 123 0.96337
64 132 0.53353
64 133 0.79938
64 138 0.7442
64 143 0.36885
64 144 0.95562
64 145 0.64019
64 146 0.85466
64 148 0.69643
65 13 0.0901
65 31 0.83204
65 57 0.7495
65 73 0.78572
65 77 0.04931
65 80 0.18147
65 81 0.6953
65 87 0.71203
65 98 0.50189
65 104 0.19865
65 106 0.24136
65 108 0.99475
65 123 0.9367
65 132 0.7587
65 133 0.73951
65 138 0.21623
65 143 0.57187
65 144 0.58561
65 145 0.22834
65 146 0.34704
65 148 0.40092
76 13 0.21367
76 31 0.51989
76 57 0.84747
76 73 0.7862
76 77 0.01283
76 80 0.44708
76 81 0.90123
76 87 0.17733
76 98 0.58813
76 104 0.63907
76 106 0.61571
76 108 0.35029
76 123 0.93476
76 132 0.28005
76 133 0.85419
76 138 0.84016
76 143 0.74307
76 144 0.53087
76 145 0.32847
76 146 0.85861
76 148 0.88186
82 13 0.10052
82 31 0.69343
82 57 0.62062
82 73 0.76689
82 77 0.94633
82 80 0.39185
82 81 0.68846
82 87 0.70468
82 98 0.53086
82 104 0.74224
82 106 0.80061
82 108 0.74946
82 123 0.74068
82 132 0.06684
82 133 0.13745
82 138 0.25677
82 143 0.12819
82 144 0.54937
82 145 0.58779
82 146 0.93955
82 148 0.13452
85 13 0.12275
85 31 0.02685
85 57 0.13281
85 73 0.18465
85 77 0.04201
85 80 0.83173
85 81 0.89616
85 87 0.55944
85 98 0.87128
85 104 0.51475
85 106 0.39711
85 108 0.9862
85 123 0.20014
85 132 0.48238
85 133 0.97685
85 138 0.09176
85 143 0.70648
85 144 0.09342
85 145 0.39458
85 146 0.44038
85 148 0.22211
89 13 0.34344
89 31 0.20068
89 57 0.75277
89 73 0.45383
89 77 0.09188
89 80 0.78509
89 81 0.85479
89 87 0.34337
89 98 0.94614
89 104 0.57328
89 106 0.25769
89 108 0.21733
89 123 0.8784
89 132 0.4081
89 133 0.83368
89 138 0.74885
89 143 0.2763
89 144 0.91464
89 145 0.81002
89 146 0.3886
89 148 0.42531
96 13 0.40894
96 31 0.4901
96 57 0.32535
96 73 0.20424
96 77 0.67244
96 80 0.77086
96 81 0.37651
96 87 0.38844
96 98 0.64665
96 104 0.93114
96 106 0.29725
96 108 0.83324
96 123 0.89143
96 132 0.54493
96 133 0.49773
96 138 0.29793
96 143 0.49753
96 144 0.54254
96 145 0.69959
96 146 0.09856
96 148 0.43837
100 13 0.46641
100 31 0.79796
100 57 0.64166
100 73 0.73225
100 77 0.27482
100 80 0.48022
100 81 0.41814
100 87 0.69692
100 98 0.09598
100 104 0.609
100 106 0.31753
100 108 0.92027
100 123 0.57389
100 132 0.7094
100 133 0.76493
100 138 0.04316
100 143 0.29123
100 144 0.61953
100 145 0.03442
100 146 0.93691
100 148 0.07635
101 13 0.64026
101 31 0.58532
101 57 0.63784
101 73 0.08042
101 77 0.41861
101 80 0.60589
101 81 0.63747
101 87 0.19376
101 98 0.33577
101 104 0.39463
101 106 0.50082
101 108 0.90494
101 123 0.31034
101 132 0.96966
101 133 0.71949
101 138 0.14258
101 143 0.69318
101 144 0.80555
101 145 0.53526
101 146 0.41553
101 148 0.62868
109 13 0.98378
109 31 0.39687
109 57 0.18673
109 73 0.11068
109 77 0.56987
109 80 0.90084
109 81 0.80031
109 87 0.11955
109 98 0.8008
109 104 0.31143
109 106 0.36778
109 108 0.6167
109 123 0.12055
109 132 0.95973
109 133 0.3824
109 138 0.66386
109 143 0.42171
109 144 0.63533
109 145 0.44693
109 146 0.57459
109 148 0.20779
110 13 0.97393
110 31 0.53002
110 57 0.76748
110 73 0.24185
110 77 0.39212
110 80 0.41832
110 81 0.44208
110 87 0.14097
110 98 0.97179
110 104 0.97337
110 106 0.07587
110 108 0.4966
110 123 0.87735
110 132 0.51996
110 133 0.40435
110 138 0.68248
110 143 0.81394
110 144 0.79897
110 145 0.5497
110 146 0.41305
110 148 0.35934
115 13 0.97977
115 31 0.5381
115 57 0.79845
115 73 0.54063
115 77 0.14481
115 80 0.18913
115 81 0.35554
115 87 0.38053
115 98 0.3855
115 104 0.61817
115 106 0.68528
115 108 0.67862
115 123 0.01235
115 132 0.08976
115 133 0.34948
115 138 0.59325
115 143 0.67134
115 144 0.02664
115 145 0.3603
115 146 0.01404
115 148 0.09914
127 13 0.46057
127 31 0.54285
127 57 0.96677
127 73 0.93811
127 77 0.93979
127 80 0.7524
127 81 0.80014
127 87 0.35338
127 98 0.42745
127 104 0.94541
127 106 0.03326
127 108 0.63137
127 123 0.1719
127 132 0.68333
127 133 0.89413
127 138 0.71612
127 143 0.03952
127 144 0.58707
127 145 0.26192
127 146 0.82959
127 148 0.13711
129 13 0.98366
129 31 0.91621
129 57 0.35124
129 73 0.06106
129 77 0.99376
129 80 0.69215
129 81 0.11899
129 87 0.99795
129 98 0.17719
129 104 0.34523
129 106 0.31858
129 108 0.1588
129 123 0.64148
129 132 0.53548
129 133 0.15496
129 138 0.53154
129 143 0.42908
129 144 0.0019
129 145 0.11445
129 146 0.81002
129 148 0.7095
131 13 0.27204
131 31 0.64749
131 57 0.15509
131 73 0.56169
131 77 0.22529
131 80 0.67409
131 81 0.60465
131 87 0.11285
131 98 0.21081
131 104 0.58161
131 106 0.77045
131 108 0.74208
131 123 0.44788
131 132 0.96765
131 133 0.26713
131 138 0.45554
131 143 0.77108
131 144 0.28859
131 145 0.48977
131 146 0.19699
131 148 0.60474
137 13 0.1994
137 31 0.88945
137 57 0.04947
137 73 0.69089
137 77 0.42757
137 80 0.11383
137 81 0.29524
137 87 0.09867
137 98 0.16576
137 104 0.11207
137 106 0.08963
137 108 0.96876
137 123 0.08199
137 132 0.09044
137 133 0.4293
137 138 0.30897
137 143 0.7782
137 144 0.43507
137 145 0.30822
137 146 0.20972
137 148 0.6826
140 13 0.25861
140 31 0.04007
140 57 0.67496
140 73 0.70744
140 77 0.92221
140 80 0.00352
140 81 0.0542
140 87 0.20455
140 98 0.00204
140 104 0.75128
140 106 0.97008
140 108 0.31785
140 123 0.33124
140 132 0.51815
140 133 0.95522
140 138 0.73705
140 143 0.4658
140 144 0.84733
140 145 0.34166
140 146 0.05862
140 148 0.81859
141 13 0.39772
141 31 0.75528
141 57 0.13199
141 73 0.01008
141 77 0.61926
141 80 0.26245
141 81 0.35361
141 87 0.14837
141 98 0.23869
141 104 0.6061
141 106 0.09186
141 108 0.34369
141 123 0.41397
141 132 0.25488
141 133 0.20665
141 138 0.24049
141 143 0.76766
141 144 0.15219
141 145 0.6708
141 146 0.9575
141 148 0.21694
149 13 0.77523
149 31 0.32218
149 57 0.43859
149 73 0.33214
149 77 0.72666
149 80 0.48047
149 81 0.64506
149 87 0.60402
149 98 0.04007
149 104 0.87396
149 106 0.03133
149 108 0.94489
149 123 0.38234
149 132 0.46745
149 133 0.7843
149 138 0.27715
149 143 0.80348
149 144 0.93733
149 145 0.5994
149 146 0.9351
149 148 0.80568
150 13 0.38704
150 31 0.3779
150 57 0.63268
150 73 0.09936
150 77 0.78201
150 80 0.84524
150 81 0.48433
150 87 0.34866
150 98 0.61844
150 104 0.11577
150 106 0.06513
150 108 0.43217
150 123 0.24009
150 132 0.05646
150 133 0.29096
150 138 0.17985
150 143 0.84251
150 144 0.68314
150 145 0.34807
150 146 0.7584
150 148 0.43781
