17 21 0.58043
17 25 0.90086
17 36 0.00837
17 41 0.27899
17 45 0.55225
17 52 0.54207
17 53 0.90854
17 55 0.80332
17 60 0.81786
17 61 0.4296
17 66 0.22976
17 67 0.52304
46 21 0.70766
46 25 0.70623
46 36 0.6878
46 41 0.7066
46 45 0.13352
46 52 0.49376
46 53 0.28876
46 55 0.76224
46 60 0.32025
46 61 0.10604
46 66 0.12303
46 67 0.61921
49 21 0.51406
49 25 0.10888
49 36 0.07325
49 41 0.97967
49 45 0.5539
49 52 0.65923
49 53 0.06246
49 55 0.16441
49 60 0.66099
49 61 0.91495
49 66 0.88548
49 67 0.99363
62 21 0.57561
62 25 0.32673
62 36 0.64974
62 41 0.54929
62 45 0.51448
62 52 0.4459
62 53 0.43076
62 55 0.15767
62 60 0.80683
62 61 0.07153
62 66 0.51389
62 67 0.32184
68 21 0.60124
68 25 0.62165
68 36 0.07091
68 41 0.04757
68 45 0.11709
68 52 0.3833
68 53 0.78788
68 55 0.65213
68 60 0.48129
68 61 0.28865
68 66 0.08066
68 67 0.53101
69 21 0.60602
69 25 0.94132
69 36 0.80909
69 41 0.84413
69 45 0.67184
69 52 0.65111
69 53 0.43654
69 55 0.15698
69 60 0.33878
69 61 0.44239
69 66 0.48451
69 67 0.05841
