28 18 0.44963
28 39 0.19847
28 43 0.32947
28 48 0.09383
28 53 0.32394
28 58 0.90844
28 60 0.73469
28 61 0.07549
28 73 0.09591
28 84 0.06158
28 88 0.79079
28 89 0.02133
28 94 0.45492
28 96 0.92
28 106 0.85023
28 107 0.16952
28 109 0.39945
28 112 0.75103
28 115 0.57723
28 116 0.15861
28 119 0.77764
28 121 0.77071
28 125 0.83293
28 128 0.91034
28 129 0.39137
42 18 0.54813
42 39 0.28646
42 43 0.54699
42 48 0.51413
42 53 0.7387
42 58 0.03892
42 60 0.64121
42 61 0.33227
42 73 0.9326
42 84 0.89394
42 88 0.44214
42 89 0.03034
42 94 0.74438
42 96 0.54794
42 106 0.8737
42 107 0.41473
42 109 0.8624
42 112 0.26718
42 115 0.71664
42 116 0.74319
42 119 0.5418
42 121 0.94657
42 125 0.00089
42 128 0.28576
42 129 0.55107
49 18 0.27244
49 39 0.46517
49 43 0.0708
49 48 0.41221
49 53 0.63143
49 58 0.37386
49 60 0.48596
49 61 0.08194
49 73 0.0272
49 84 0.20417
49 88 0.19434
49 89 0.65821
49 94 0.09287
49 96 0.44711
49 106 0.90246
49 107 0.10253
49 109 0.79314
49 112 0.67419
49 115 0.9316
49 116 0.62475
49 119 0.73959
49 121 0.12327
49 125 0.9746
49 128 0.06136
49 129 0.91712
52 18 0.33654
52 39 0.41361
52 43 0.79157
52 48 0.91925
52 53 0.14883
52 58 0.78389
52 60 0.62365
52 61 0.02721
52 73 0.45022
52 84 0.16715
52 88 0.43903
52 89 0.20986
52 94 0.19568
52 96 0.02196
52 106 0.19545
52 107 0.14329
52 109 0.44371
52 112 0.68119
52 115 0.56353
52 116 0.91672
52 119 0.98752
52 121 0.46422
52 125 0.66747
52 128 0.03164
52 129 0.31207
55 18 0.18318
55 39 0.63654
55 43 0.75204
55 48 0.98992
55 53 0.76914
55 58 0.86713
55 60 0.77655
55 61 0.68136
55 73 0.40987
55 84 0.78926
55 88 0.09243
55 89 0.3093
55 94 0.07746
55 96 0.20388
55 106 0.7907
55 107 0.24918
55 109 0.67422
55 112 0.2502
55 115 0.60219
55 116 0.82494
55 119 0.31108
55 121 0.04667
55 125 0.90458
55 128 0.78349
55 129 0.87568
57 18 0.62075
57 39 0.09951
57 43 0.40433
57 48 0.64616
57 53 0.44501
57 58 0.78262
57 60 0.94373
57 61 0.48803
57 73 0.4019
57 84 0.11595
57 88 0.45268
57 89 0.30767
57 94 0.91586
57 96 0.69052
57 106 0.62414
57 107 0.95853
57 109 0.66745
57 112 0.68994
57 115 0.03958
57 116 0.65697
57 119 0.68558
57 121 0.99988
57 125 0.03353
57 128 0.68916
57 129 0.86547
68 18 0.54282
68 39 0.21707
68 43 0.73166
68 48 0.34192
68 53 0.73858
68 58 0.17638
68 60 0.70988
68 61 0.32987
68 73 0.75041
68 84 0.60428
68 88 0.71038
68 89 0.65003
68 94 0.71198
68 96 0.07628
68 106 0.17795
68 107 0.81874
68 109 0.67655
68 112 0.82985
68 115 0.0367
68 116 0.231
68 119 0.55697
68 121 0.05894
68 125 0.1054
68 128 0.65579
68 129 0.39016
69 18 0.39312
69 39 0.53131
69 43 0.80181
69 48 0.63402
69 53 0.7296
69 58 0.69964
69 60 0.90749
69 61 0.25854
69 73 0.03031
69 84 0.88318
69 88 0.17729
69 89 0.48128
69 94 0.27625
69 96 0.16786
69 106 0.86076
69 107 0.30394
69 109 0.59552
69 112 0.79645
69 115 0.82416
69 116 0.91243
69 119 0.52518
69 121 0.32192
69 125 0.95995
69 128 0.93285
69 129 0.34787
70 18 0.84285
70 39 0.12901
70 43 0.42165
70 48 0.63903
70 53 0.83247
70 58 0.51166
70 60 0.00864
70 61 0.1851
70 73 0.54809
70 84 0.62594
70 88 0.20678
70 89 0.802
70 94 0.84079
70 96 0.59567
70 106 0.4603
70 107 0.19103
70 109 0.22148
70 112 0.65704
70 115 0.41312
70 116 0.27027
70 119 0.32702
70 121 0.77449
70 125 0.67087
70 128 0.1866
70 129 0.08547
71 18 0.72184
71 39 0.24263
71 43 0.48586
71 48 0.54269
71 53 0.64705
71 58 0.18556
71 60 0.1745
71 61 0.37531
71 73 0.14101
71 84 0.47228
71 88 0.42083
71 89 0.71813
71 94 0.87062
71 96 0.91953
71 106 0.25531
71 107 0.71241
71 109 0.21159
71 112 0.56268
71 115 0.61796
71 116 0.50922
71 119 0.32023
71 121 0.67075
71 125 0.37218
71 128 0.90283
71 129 0.03113
74 18 0.09911
74 39 0.29182
74 43 0.48573
74 48 0.36201
74 53 0.47805
74 58 0.75897
74 60 0.7185
74 61 0.40187
74 73 0.93176
74 84 0.58508
74 88 0.4486
74 89 0.88608
74 94 0.98787
74 96 0.13479
74 106 0.38895
74 107 0.51291
74 109 0.97161
74 112 0.139
74 115 0.19688
74 116 0.83503
74 119 0.3854
74 121 0.7374
74 125 0.93839
74 128 0.59468
74 129 0.8901
76 18 0.10743
76 39 0.69447
76 43 0.85144
76 48 0.10448
76 53 0.1061
76 58 0.48949
76 60 0.64637
76 61 0.47583
76 73 0.81946
76 84 0.09861
76 88 0.36844
76 89 0.76704
76 94 0.6787
76 96 0.3888
76 106 0.44248
76 107 0.88284
76 109 0.55154
76 112 0.26814
76 115 0.11077
76 116 0.93229
76 119 0.76273
76 121 0.30313
76 125 0.62799
76 128 0.18242
76 129 0.25254
78 18 0.33653
78 39 0.05177
78 43 0.35927
78 48 0.21437
78 53 0.91629
78 58 0.65942
78 60 0.6409
78 61 0.05887
78 73 0.25217
78 84 0.90365
78 88 0.03921
78 89 0.49992
78 94 0.59533
78 96 0.60375
78 106 0.75709
78 107 0.82568
78 109 0.23021
78 112 0.03234
78 115 0.7377
78 116 0.32637
78 119 0.0418
78 121 0.04279
78 125 0.88364
78 128 0.94305
78 129 0.25369
92 18 0.38007
92 39 0.74635
92 43 0.71552
92 48 0.837
92 53 0.4232
92 58 0.18832
92 60 0.2013
92 61 0.65703
92 73 0.26678
92 84 0.55487
92 88 0.40145
92 89 0.08905
92 94 0.80548
92 96 0.45789
92 106 0.76218
92 107 0.12587
92 109 0.69937
92 112 0.43412
92 115 0.64896
92 116 0.22516
92 119 0.77285
92 121 0.70963
92 125 0.09136
92 128 0.61838
92 129 0.00576
98 18 0.24208
98 39 0.1089
98 43 0.14689
98 48 0.13558
98 53 0.85755
98 58 0.09505
98 60 0.6501
98 61 0.0891
98 73 0.22081
98 84 0.38077
98 88 0.51496
98 89 0.21098
98 94 0.76775
98 96 0.80896
98 106 0.60334
98 107 0.84058
98 109 0.04014
98 112 0.22503
98 115 0.18402
98 116 0.63629
98 119 0.35346
98 121 0.69781
98 125 0.82953
98 128 0.13155
98 129 0.18143
102 18 0.55453
102 39 0.53953
102 43 0.27092
102 48 0.76762
102 53 0.88273
102 58 0.42671
102 60 0.68655
102 61 0.30082
102 73 0.18483
102 84 0.79683
102 88 0.99458
102 89 0.94475
102 94 0.06138
102 96 0.59096
102 106 0.23846
102 107 0.9962
102 109 0.45258
102 112 0.82277
102 115 0.47689
102 116 0.57955
102 119 0.40633
102 121 0.85847
102 125 0.90401
102 128 0.95603
102 129 0.49889
104 18 0.45693
104 39 0.36852
104 43 0.3994
104 48 0.97781
104 53 0.97813
104 58 0.64819
104 60 0.28383
104 61 0.95536
104 73 0.65775
104 84 0.24224
104 88 0.98497
104 89 0.47238
104 94 0.56719
104 96 0.93258
104 106 0.81968
104 107 0.36705
104 109 0.68632
104 112 0.51388
104 115 0.97796
104 116 0.24757
104 119 0.73031
104 121 0.73771
104 125 0.20212
104 128 0.35683
104 129 0.92434
108 18 0.74118
108 39 0.43776
108 43 0.88278
108 48 0.2755
108 53 0.21136
108 58 0.65397
108 60 0.15156
108 61 0.78933
108 73 0.57899
108 84 0.48665
108 88 0.86296
108 89 0.45366
108 94 0.23034
108 96 0.87923
108 106 0.3107
108 107 0.01752
108 109 0.57188
108 112 0.72403
108 115 0.13405
108 116 0.62548
108 119 0.81483
108 121 0.72465
108 125 0.28739
108 128 0.21299
108 129 0.5415
114 18 0.21762
114 39 0.06885
114 43 0.25611
114 48 0.50483
114 53 0.74408
114 58 0.15355
114 60 0.22979
114 61 0.45697
114 73 0.38518
114 84 0.42455
114 88 0.43264
114 89 0.55527
114 94 0.10521
114 96 0.60199
114 106 0.77335
114 107 0.08045
114 109 0.51407
114 112 0.26808
114 115 0.12265
114 116 0.62229
114 119 0.90951
114 121 0.29503
114 125 0.54804
114 128 0.88014
114 129 0.42115
117 18 0.48478
117 39 0.94636
117 43 0.75569
117 48 0.54998
117 53 0.9994
117 58 0.16996
117 60 0.66017
117 61 0.43
117 73 0.57443
117 84 0.56654
117 88 0.01594
117 89 0.29586
117 94 0.10383
117 96 0.34622
117 106 0.79871
117 107 0.95738
117 109 0.61749
117 112 0.30767
117 115 0.84355
117 116 0.01203
117 119 0.4457
117 121 0.02793
117 125 0.85121
117 128 0.16533
117 129 0.07131
122 18 0.90442
122 39 0.04679
122 43 0.51788
122 48 0.1791
122 53 0.52504
122 58 0.69053
122 60 0.62485
122 61 0.77409
122 73 0.98991
122 84 0.27764
122 88 0.76298
122 89 0.47248
122 94 0.42089
122 96 0.34006
122 106 0.35379
122 107 0.38664
122 109 0.92169
122 112 0.42404
122 115 0.09907
122 116 0.07261
122 119 0.32914
122 121 0.03656
122 125 0.28294
122 128 0.74753
122 129 0.61454
130 18 0.89365
130 39 0.31119
130 43 0.52323
130 48 0.59839
130 53 0.76512
130 58 0.08038
130 60 0.32432
130 61 0.88147
130 73 0.75565
130 84 0.32509
130 88 0.38398
130 89 0.12254
130 94 0.44404
130 96 0.75005
130 106 0.79662
130 107 0.29194
130 109 0.9763
130 112 0.74963
130 115 0.4275
130 116 0.19059
130 119 0.9938
130 121 0.17095
130 125 0.10589
130 128 0.46972
130 129 0.60986
