39 19 0.69728
39 22 0.147
39 27 0.27358
39 28 0.44425
39 35 0.91561
39 58 0.86668
39 61 0.95156
39 62 0.91249
39 66 0.75855
39 69 0.44179
39 70 0.61317
39 73 0.77482
39 79 0.07223
39 85 0.22504
39 88 0.53203
39 89 0.61325
39 91 0.60358
39 103 0.66766
39 109 0.73232
39 110 0.54163
39 114 0.92126
39 116 0.78727
39 119 0.87891
39 136 0.4071
39 138 0.33774
39 148 0.10808
39 152 0.50496
39 154 0.74542
39 156 0.16996
41 19 0.9679
41 22 0.76108
41 27 0.86883
41 28 0.07536
41 35 0.85998
41 58 0.0795
41 61 0.84263
41 62 0.64858
41 66 0.47694
41 69 0.09396
41 70 0.01456
41 73 0.03833
41 79 0.08724
41 85 0.43512
41 88 0.67456
41 89 0.60438
41 91 0.44523
41 103 0.81106
41 109 0.09786
41 110 0.48123
41 114 0.42164
41 116 0.90462
41 119 0.35359
41 136 0.12382
41 138 0.95923
41 148 0.51159
41 152 0.06267
41 154 0.30611
41 156 0.68314
42 19 0.77352
42 22 0.78083
42 27 0.07555
42 28 0.21854
42 35 0.80426
42 58 0.85846
42 61 0.87253
42 62 0.24963
42 66 0.39249
42 69 0.53889
42 70 0.00793
42 73 0.78554
42 79 0.94817
42 85 0.67954
42 88 0.89263
42 89 0.26681
42 91 0.38167
42 103 0.34172
42 109 0.66477
42 110 0.9673
42 114 0.40407
42 116 0.98363
42 119 0.62341
42 136 0.18311
42 138 0.28582
42 148 0.07704
42 152 0.63041
42 154 0.27756
42 156 0.10361
48 19 0.47854
48 22 0.59828
48 27 0.54736
48 28 0.59302
48 35 0.82022
48 58 0.87887
48 61 0.01654
48 62 0.44847
48 66 0.58663
48 69 0.02878
48 70 0.905
48 73 0.57965
48 79 0.68519
48 85 0.42113
48 88 0.77343
48 89 0.31672
48 91 0.69358
48 103 0.80915
48 109 0.99072
48 110 0.06275
48 114 0.72732
48 116 0.30184
48 119 0.83679
48 136 0.46591
48 138 0.25628
48 148 0.21483
48 152 0.12844
48 154 0.58682
48 156 0.83389
49 19 0.20851
49 22 0.62523
49 27 0.9669
49 28 0.13907
49 35 0.13078
49 58 0.27213
49 61 0.55846
49 62 0.06433
49 66 0.32041
49 69 0.2995
49 70 0.15846
49 73 0.66786
49 79 0.67143
49 85 0.71074
49 88 0.36803
49 89 0.25497
49 91 0.48445
49 103 0.28828
49 109 0.46996
49 110 0.2146
49 114 0.95892
49 116 0.08738
49 119 0.96167
49 136 0.93815
49 138 0.93607
49 148 0.21162
49 152 0.85231
49 154 0.82658
49 156 0.17406
50 19 0.23906
50 22 0.7161
50 27 0.07444
50 28 0.91861
50 35 0.01282
50 58 0.02064
50 61 0.63555
50 62 0.58313
50 66 0.05851
50 69 0.69879
50 70 0.17808
50 73 0.26182
50 79 0.66144
50 85 0.35033
50 88 0.15415
50 89 0.35311
50 91 0.62674
50 103 0.40761
50 109 0.02149
50 110 0.23428
50 114 0.15264
50 116 0.19001
50 119 0.52001
50 136 0.04236
50 138 0.07586
50 148 0.61284
50 152 0.47088
50 154 0.0789
50 156 0.08538
59 19 0.11744
59 22 0.60988
59 27 0.25018
59 28 0.28884
59 35 0.98727
59 58 0.0901
59 61 0.15701
59 62 0.12613
59 66 0.60753
59 69 0.36688
59 70 0.23404
59 73 0.29221
59 79 0.14665
59 85 0.219
59 88 0.60594
59 89 0.13533
59 91 0.19077
59 103 0.92908
59 109 0.52043
59 110 0.00169
59 114 0.26838
59 116 0.11734
59 119 0.5202
59 136 0.91315
59 138 0.39835
59 148 0.11895
59 152 0.09256
59 154 0.23
59 156 0.54544
74 19 0.98407
74 22 0.72794
74 27 0.16773
74 28 0.5872
74 35 0.25326
74 58 0.15076
74 61 0.6606
74 62 0.69062
74 66 0.91453
74 69 0.84285
74 70 0.84165
74 73 0.57063
74 79 0.02448
74 85 0.87432
74 88 0.36105
74 89 0.36107
74 91 0.25736
74 103 0.26782
74 109 0.13152
74 110 0.5318
74 114 0.10558
74 116 0.54149
74 119 0.8442
74 136 0.1971
74 138 0.91747
74 148 0.05722
74 152 0.90208
74 154 0.01917
74 156 0.78151
75 19 0.703
75 22 0.02279
75 27 0.13418
75 28 0.30541
75 35 0.59818
75 58 0.19316
75 61 0.6699
75 62 0.59158
75 66 0.76747
75 69 0.28419
75 70 0.15377
75 73 0.29461
75 79 0.50281
75 85 0.25347
75 88 0.2648
75 89 0.70061
75 91 0.50538
75 103 0.04773
75 109 0.17408
75 110 0.12039
75 114 0.97041
75 116 0.09336
75 119 0.14124
75 136 0.1765
75 138 0.05852
75 148 0.30902
75 152 0.80796
75 154 0.8934
75 156 0.21955
78 19 0.68358
78 22 0.76689
78 27 0.87229
78 28 0.17832
78 35 0.45658
78 58 0.73912
78 61 0.34495
78 62 0.40663
78 66 0.93211
78 69 0.95688
78 70 0.86125
78 73 0.13876
78 79 0.71866
78 85 0.48961
78 88 0.32263
78 89 0.46794
78 91 0.12436
78 103 0.19187
78 109 0.17102
78 110 0.75282
78 114 0.31457
78 116 0.4472
78 119 0.0147
78 136 0.00399
78 138 0.43609
78 148 0.10971
78 152 0.22983
78 154 0.64242
78 156 0.02194
81 19 0.35107
81 22 0.40176
81 27 0.65384
81 28 0.48813
81 35 0.83852
81 58 0.96393
81 61 0.07697
81 62 0.75457
81 66 0.10464
81 69 0.98871
81 70 0.18191
81 73 0.79741
81 79 0.95053
81 85 0.33503
81 88 0.9348
81 89 0.37268
81 91 0.54122
81 103 0.52394
81 109 0.7201
81 110 0.06194
81 114 0.92989
81 116 0.98554
81 119 0.34388
81 136 0.2176
81 138 0.20238
81 148 0.58975
81 152 0.53803
81 154 0.94617
81 156 0.85776
84 19 0.72816
84 22 0.84667
84 27 0.43754
84 28 0.96815
84 35 0.95548
84 58 0.23963
84 61 0.18221
84 62 0.085
84 66 0.10978
84 69 0.54055
84 70 0.52275
84 73 0.86929
84 79 0.84512
84 85 0.83167
84 88 0.63955
84 89 0.78923
84 91 0.68795
84 103 0.04416
84 109 0.67137
84 110 0.372
84 114 0.90376
84 116 0.26508
84 119 0.18449
84 136 0.52884
84 138 0.05169
84 148 0.18868
84 152 0.09478
84 154 0.29078
84 156 0.43543
92 19 0.62376
92 22 0.71562
92 27 0.95112
92 28 0.55608
92 35 0.26182
92 58 0.16612
92 61 0.90178
92 62 0.5797
92 66 0.26113
92 69 0.70884
92 70 0.52023
92 73 0.28332
92 79 0.37548
92 85 0.41791
92 88 0.29602
92 89 0.71009
92 91 0.22313
92 103 0.28633
92 109 0.84924
92 110 0.85381
92 114 0.26657
92 116 0.32787
92 119 0.0293
92 136 0.76802
92 138 0.84253
92 148 0.01561
92 152 0.72346
92 154 0.31237
92 156 0.66005
95 19 0.8619
95 22 0.64337
95 27 0.19664
95 28 0.31403
95 35 0.32645
95 58 0.93279
95 61 0.79886
95 62 0.52525
95 66 0.22955
95 69 0.90487
95 70 0.64451
95 73 0.68926
95 79 0.74372
95 85 0.88311
95 88 0.4777
95 89 0.04235
95 91 0.19756
95 103 0.37895
95 109 0.77059
95 110 0.40242
95 114 0.02074
95 116 0.14942
95 119 0.33849
95 136 0.76747
95 138 0.68518
95 148 0.67115
95 152 0.06314
95 154 0.75333
95 156 0.87466
98 19 0.51944
98 22 0.63756
98 27 0.63162
98 28 0.39165
98 35 0.23845
98 58 0.51234
98 61 0.1054
98 62 0.60935
98 66 0.95832
98 69 0.00084
98 70 0.96125
98 73 0.77664
98 79 0.40233
98 85 0.25769
98 88 0.60324
98 89 0.14769
98 91 0.79068
98 103 0.8877
98 109 0.21474
98 110 0.49321
98 114 0.98055
98 116 0.75784
98 119 0.25013
98 136 0.1301
98 138 0.95607
98 148 0.38427
98 152 0.00658
98 154 0.94985
98 156 0.3296
99 19 0.3839
99 22 0.78285
99 27 0.65454
99 28 0.212
99 35 0.88401
99 58 0.14815
99 61 0.85558
99 62 0.7966
99 66 0.56221
99 69 0.21853
99 70 0.06465
99 73 0.8792
99 79 0.17255
99 85 0.84723
99 88 0.03244
99 89 0.61879
99 91 0.16142
99 103 0.06391
99 109 0.09297
99 110 0.25909
99 114 0.30188
99 116 0.72103
99 119 0.18576
99 136 0.30011
99 138 0.84366
99 148 0.48899
99 152 0.79015
99 154 0.74291
99 156 0.83629
106 19 0.44711
106 22 0.4421
106 27 0.63416
106 28 0.52167
106 35 0.68371
106 58 0.73907
106 61 0.35565
106 62 0.82183
106 66 0.92584
106 69 0.11266
106 70 0.0287
106 73 0.0046
106 79 0.34966
106 85 0.97109
106 88 0.60103
106 89 0.10793
106 91 0.23675
106 103 0.51043
106 109 0.09738
106 110 0.67627
106 114 0.74778
106 116 0.96321
106 119 0.89898
106 136 0.34954
106 138 0.54829
106 148 0.33651
106 152 0.46652
106 154 0.29181
106 156 0.49969
112 19 0.00855
112 22 0.31407
112 27 0.54085
112 28 0.11478
112 35 0.32721
112 58 0.92495
112 61 0.48192
112 62 0.50657
112 66 0.4568
112 69 0.64272
112 70 0.40982
112 73 0.43857
112 79 0.89608
112 85 0.38939
112 88 0.46394
112 89 0.42122
112 91 0.3116
112 103 0.344
112 109 0.4337
112 110 0.12512
112 114 0.43926
112 116 0.06465
112 119 0.50568
112 136 0.16534
112 138 0.52826
112 148 0.4759
112 152 0.42361
112 154 0.11524
112 156 0.05711
120 19 0.95457
120 22 0.609
120 27 0.5101
120 28 0.75763
120 35 0.57028
120 58 0.23105
120 61 0.17674
120 62 0.21531
120 66 0.79809
120 69 0.44475
120 70 0.83354
120 73 0.74595
120 79 0.2332
120 85 0.31326
120 88 0.53631
120 89 0.90133
120 91 0.31779
120 103 0.12687
120 109 0.01009
120 110 0.01943
120 114 0.44731
120 116 0.21371
120 119 0.40489
120 136 0.22213
120 138 0.38329
120 148 0.76121
120 152 0.01663
120 154 0.51717
120 156 0.58184
121 19 0.07732
121 22 0.49876
121 27 0.48009
121 28 0.73644
121 35 0.53965
121 58 0.349
121 61 0.57082
121 62 0.30103
121 66 0.22844
121 69 0.72239
121 70 0.41827
121 73 0.51784
121 79 0.79206
121 85 0.16417
121 88 0.09545
121 89 0.75496
121 91 0.54162
121 103 0.38117
121 109 0.26356
121 110 0.8407
121 114 0.26715
121 116 0.17464
121 119 0.14395
121 136 0.09502
121 138 0.29225
121 148 0.29031
121 152 0.34232
121 154 0.04806
121 156 0.93427
134 19 0.74197
134 22 0.26502
134 27 0.95662
134 28 0.57718
134 35 0.25014
134 58 0.1832
134 61 0.12578
134 62 0.88619
134 66 0.05098
134 69 0.19399
134 70 0.44678
134 73 0.1081
134 79 0.74062
134 85 0.38272
134 88 0.99637
134 89 0.70861
134 91 0.81103
134 103 0.07723
134 109 0.08558
134 110 0.64849
134 114 0.20237
134 116 0.61506
134 119 0.71536
134 136 0.98098
134 138 0.71063
134 148 0.35005
134 152 0.37714
134 154 0.80359
134 156 0.57223
144 19 0.87732
144 22 0.01167
144 27 0.63707
144 28 0.41835
144 35 0.60074
144 58 0.24158
144 61 0.76434
144 62 0.08466
144 66 0.64825
144 69 0.40058
144 70 0.85738
144 73 0.89963
144 79 0.42915
144 85 0.2313
144 88 0.65211
144 89 0.43415
144 91 0.13346
144 103 0.59261
144 109 0.06084
144 110 0.14729
144 114 0.08473
144 116 0.10814
144 119 0.26018
144 136 0.87655
144 138 0.24664
144 148 0.38067
144 152 0.50082
144 154 0.26016
144 156 0.4893
145 19 0.1965
145 22 0.64307
145 27 0.03861
145 28 0.48377
145 35 0.02521
145 58 0.08159
145 61 0.12538
145 62 0.47061
145 66 0.47348
145 69 0.42689
145 70 0.92264
145 73 0.39479
145 79 0.42142
145 85 0.96247
145 88 0.51722
145 89 0.45592
145 91 0.15253
145 103 0.95069
145 109 0.24851
145 110 0.66249
145 114 0.14979
145 116 0.20351
145 119 0.53073
145 136 0.76237
145 138 0.91392
145 148 0.65646
145 152 0.42717
145 154 0.39046
145 156 0.16406
150 19 0.4468
150 22 0.56043
150 27 0.03071
150 28 0.62471
150 35 0.45966
150 58 0.12081
150 61 0.92408
150 62 0.72271
150 66 0.36096
150 69 0.50981
150 70 0.60904
150 73 0.50546
150 79 0.10648
150 85 0.97232
150 88 0.69186
150 89 0.56175
150 91 0.53896
150 103 0.033
150 109 0.20334
150 110 0.86968
150 114 0.92389
150 116 0.02835
150 119 0.31311
150 136 0.80785
150 138 0.07372
150 148 0.24687
150 152 0.10004
150 154 0.6995
150 156 0.17185
160 19 0.5556
160 22 0.84862
160 27 0.28089
160 28 0.28897
160 35 0.78237
160 58 0.01045
160 61 0.50813
160 62 0.78187
160 66 0.7669
160 69 0.96786
160 70 0.3919
160 73 0.97581
160 79 0.86209
160 85 0.20484
160 88 0.38708
160 89 0.17785
160 91 0.80383
160 103 0.39169
160 109 0.29248
160 110 0.73344
160 114 0.10245
160 116 0.4172
160 119 0.42213
160 136 0.64976
160 138 0.90817
160 148 0.99783
160 152 0.42244
160 154 0.3641
160 156 0.88877
