17 21 0.74328
17 25 0.12723
17 36 0.27457
17 41 0.46288
17 45 0.26818
17 52 0.4355
17 55 0.52632
17 60 0.39769
17 61 0.12047
17 66 0.68369
17 67 0.40498
17 71 0.61076
17 74 0.71407
17 88 0.06739
17 94 0.19817
17 106 0.21558
17 109 0.32995
17 110 0.0413
17 112 0.23543
17 116 0.92499
17 117 0.42456
17 118 0.97934
17 119 0.87439
17 126 0.02508
17 129 0.11288
17 130 0.23871
46 21 0.29598
46 25 0.17066
46 36 0.16661
46 41 0.59919
46 45 0.36504
46 52 0.38301
46 55 0.8007
46 60 0.85874
46 61 0.08941
46 66 0.37855
46 67 0.84603
46 71 0.9638
46 74 0.11303
46 88 0.47616
46 94 0.72295
46 106 0.92411
46 109 0.5159
46 110 0.35079
46 112 0.94298
46 116 0.48671
46 117 0.1608
46 118 0.6044
46 119 0.03291
46 126 0.46466
46 129 0.003
46 130 0.04523
69 21 0.17192
69 25 0.14007
69 36 0.54202
69 41 0.51156
69 45 0.71724
69 52 0.23426
69 55 0.27306
69 60 0.16118
69 61 0.21296
69 66 0.02439
69 67 0.43296
69 71 0.04626
69 74 0.34839
69 88 0.54116
69 94 0.89539
69 106 0.57835
69 109 0.86803
69 110 0.62028
69 112 0.63487
69 116 0.87219
69 117 0.18295
69 118 0.56398
69 119 0.55488
69 126 0.30473
69 129 0.63419
69 130 0.69636
75 21 0.21486
75 25 0.01617
75 36 0.08766
75 41 0.4439
75 45 0.39583
75 52 0.71685
75 55 0.11199
75 60 0.30522
75 61 0.01435
75 66 0.85816
75 67 0.74851
75 71 0.49781
75 74 0.78762
75 88 0.26403
75 94 0.41979
75 106 0.84912
75 109 0.06323
75 110 0.29194
75 112 0.67355
75 116 0.73671
75 117 0.6793
75 118 0.16623
75 119 0.75539
75 126 0.44494
75 129 0.35573
75 130 0.99187
77 21 0.08584
77 25 0.78032
77 36 0.741
77 41 0.1304
77 45 0.23206
77 52 0.84776
77 55 0.47002
77 60 0.4893
77 61 0.29876
77 66 0.62363
77 67 0.12801
77 71 0.69155
77 74 0.39645
77 88 0.93086
77 94 0.12003
77 106 0.72735
77 109 0.24027
77 110 0.57951
77 112 0.12201
77 116 0.70191
77 117 0.16163
77 118 0.7312
77 119 0.83503
77 126 0.22605
77 129 0.87933
77 130 0.18925
78 21 0.03505
78 25 0.97573
78 36 0.61565
78 41 0.28405
78 45 0.42928
78 52 0.44291
78 55 0.25414
78 60 0.7607
78 61 0.18579
78 66 0.18417
78 67 0.30409
78 71 0.94076
78 74 0.71587
78 88 0.68886
78 94 0.4607
78 106 0.54343
78 109 0.04358
78 110 0.91691
78 112 0.22422
78 116 0.00942
78 117 0.46822
78 118 0.80462
78 119 0.03463
78 126 0.85495
78 129 0.73031
78 130 0.44893
79 21 0.23072
79 25 0.48783
79 36 0.1096
79 41 0.61696
79 45 0.11265
79 52 0.48804
79 55 0.56919
79 60 0.56269
79 61 0.03373
79 66 0.30915
79 67 0.19595
79 71 0.36429
79 74 0.1726
79 88 0.58499
79 94 0.46952
79 106 0.75375
79 109 0.63216
79 110 0.50121
79 112 0.87637
79 116 0.81882
79 117 0.48043
79 118 0.02952
79 119 0.78103
79 126 0.60293
79 129 0.58022
79 130 0.20618
89 21 0.40699
89 25 0.61653
89 36 0.9553
89 41 0.85696
89 45 0.09454
89 52 0.82218
89 55 0.53486
89 60 0.82547
89 61 0.47161
89 66 0.4698
89 67 0.07359
89 71 0.09877
89 74 0.70861
89 88 0.53244
89 94 0.56428
89 106 0.80552
89 109 0.99425
89 110 0.82636
89 112 0.9281
89 116 0.82705
89 117 0.31932
89 118 0.80013
89 119 0.59464
89 126 0.49856
89 129 0.81469
89 130 0.64463
90 21 0.43448
90 25 0.26023
90 36 0.09268
90 41 0.27024
90 45 0.72329
90 52 0.81736
90 55 0.57116
90 60 0.61053
90 61 0.86202
90 66 0.46892
90 67 0.47721
90 71 0.25766
90 74 0.87731
90 88 0.71581
90 94 0.22719
90 106 0.9341
90 109 0.59182
90 110 0.58906
90 112 0.15532
90 116 0.76172
90 117 0.86782
90 118 0.48801
90 119 0.77802
90 126 0.68861
90 129 0.92271
90 130 0.19431
93 21 0.6882
93 25 0.63523
93 36 0.75235
93 41 0.92856
93 45 0.08301
93 52 0.79999
93 55 0.0824
93 60 0.75076
93 61 0.24478
93 66 0.71442
93 67 0.99021
93 71 0.72026
93 74 0.79421
93 88 0.6942
93 94 0.10502
93 106 0.10289
93 109 0.39462
93 110 0.74291
93 112 0.33592
93 116 0.69261
93 117 0.50287
93 118 0.05951
93 119 0.71678
93 126 0.78126
93 129 0.46827
93 130 0.68616
96 21 0.07767
96 25 0.81432
96 36 0.72655
96 41 0.98277
96 45 0.71483
96 52 0.63684
96 55 0.05455
96 60 0.78097
96 61 0.46824
96 66 0.51672
96 67 0.44831
96 71 0.24103
96 74 0.67837
96 88 0.60906
96 94 0.56166
96 106 0.3103
96 109 0.10666
96 110 0.05537
96 112 0.509
96 116 0.22757
96 117 0.42498
96 118 0.63813
96 119 0.16938
96 126 0.91434
96 129 0.48938
96 130 0.97028
98 21 0.2455
98 25 0.99825
98 36 0.88976
98 41 0.28562
98 45 0.00523
98 52 0.03574
98 55 0.24063
98 60 0.79148
98 61 0.07888
98 66 0.05938
98 67 0.63329
98 71 0.94572
98 74 0.68439
98 88 0.28505
98 94 0.30467
98 106 0.10829
98 109 0.51001
98 110 0.2892
98 112 0.44584
98 116 0.10272
98 117 0.23782
98 118 0.12289
98 119 0.51836
98 126 0.42666
98 129 0.54873
98 130 0.73276
103 21 0.0507
103 25 0.60872
103 36 0.47659
103 41 0.87196
103 45 0.64474
103 52 0.39027
103 55 0.92522
103 60 0.3953
103 61 0.99959
103 66 0.92279
103 67 0.8615
103 71 0.81507
103 74 0.55995
103 88 0.24464
103 94 0.41817
103 106 0.22525
103 109 0.2451
103 110 0.13007
103 112 0.8246
103 116 0.3784
103 117 0.6141
103 118 0.47901
103 119 0.49755
103 126 0.11373
103 129 0.59855
103 130 0.93562
104 21 0.6919
104 25 0.0086
104 36 0.10844
104 41 0.12992
104 45 0.83327
104 52 0.85114
104 55 0.51968
104 60 0.26926
104 61 0.17283
104 66 0.73234
104 67 0.11852
104 71 0.38751
104 74 0.17979
104 88 0.93618
104 94 0.35679
104 106 0.00374
104 109 0.61771
104 110 0.60128
104 112 0.97184
104 116 0.46242
104 117 0.97053
104 118 0.91943
104 119 0.29189
104 126 0.9465
104 129 0.52744
104 130 0.58347
107 21 0.70942
107 25 0.85427
107 36 0.34162
107 41 0.08006
107 45 0.5936
107 52 0.20387
107 55 0.20392
107 60 0.70647
107 61 0.95463
107 66 0.95065
107 67 0.29884
107 71 0.77045
107 74 0.41288
107 88 0.13459
107 94 0.27118
107 106 0.11092
107 109 0.16405
107 110 0.23889
107 112 0.42355
107 116 0.10633
107 117 0.47428
107 118 0.75106
107 119 0.87069
107 126 0.02095
107 129 0.40037
107 130 0.59511
111 21 0.8419
111 25 0.14173
111 36 0.18035
111 41 0.96044
111 45 0.64556
111 52 0.52118
111 55 0.28768
111 60 0.51006
111 61 0.34048
111 66 0.47249
111 67 0.75991
111 71 0.46452
111 74 0.20567
111 88 0.58844
111 94 0.74156
111 106 0.8664
111 109 0.27417
111 110 0.53989
111 112 0.08124
111 116 0.64255
111 117 0.83557
111 118 0.58159
111 119 0.7764
111 126 0.60583
111 129 0.38242
111 130 0.71408
113 21 0.99846
113 25 0.11738
113 36 0.28499
113 41 0.66253
113 45 0.62187
113 52 0.22053
113 55 0.59644
113 60 0.26085
113 61 0.73497
113 66 0.57995
113 67 0.39432
113 71 0.8481
113 74 0.53957
113 88 0.58992
113 94 0.54764
113 106 0.49316
113 109 0.68584
113 110 0.69644
113 112 0.36875
113 116 0.19702
113 117 0.54963
113 118 0.46532
113 119 0.6668
113 126 0.6638
113 129 0.3476
113 130 0.99873
128 21 0.25598
128 25 0.7719
128 36 0.64664
128 41 0.66472
128 45 0.00799
128 52 0.60629
128 55 0.38245
128 60 0.2454
128 61 0.49532
128 66 0.54933
128 67 0.46387
128 71 0.69668
128 74 0.15727
128 88 0.64915
128 94 0.57108
128 106 0.67691
128 109 0.94242
128 110 0.89177
128 112 0.77447
128 116 0.40731
128 117 0.34402
128 118 0.35948
128 119 0.9896
128 126 0.41742
128 129 0.34135
128 130 0.02352
