23 10 0.83241
23 12 0.88102
23 13 0.82811
23 31 0.74275
23 33 0.40075
23 43 0.1841
23 57 0.2304
27 10 0.84959
27 12 0.64817
27 13 0.86899
27 31 0.28866
27 33 0.84398
27 43 0.32385
27 57 0.55841
39 10 0.96964
39 12 0.61387
39 13 0.55708
39 31 0.2615
39 33 0.80635
39 43 0.56079
39 57 0.81572
47 10 0.69519
47 12 0.81853
47 13 0.37197
47 31 0.63209
47 33 0.12236
47 43 0.23833
47 57 0.8803
50 10 0.81107
50 12 0.58013
50 13 0.36876
50 31 0.00937
50 33 0.89714
50 43 0.88511
50 57 0.39471
51 10 0.31167
51 12 0.37594
51 13 0.90005
51 31 0.84097
51 33 0.90309
51 43 0.16883
51 57 0.76191
52 10 0.12703
52 12 0.6525
52 13 0.0201
52 31 0.06774
52 33 0.80252
52 43 0.28167
52 57 0.93174
54 10 0.46462
54 12 0.06957
54 13 0.82212
54 31 0.05473
54 33 0.51812
54 43 0.90746
54 57 0.70659
55 10 0.6229
55 12 0.51581
55 13 0.30128
55 31 0.12872
55 33 0.47566
55 43 0.08497
55 57 0.98743
