17 21 0.38254
17 25 0.20899
17 36 0.69439
17 41 0.68545
17 45 0.17784
17 52 0.98261
17 55 0.67333
17 60 0.27493
17 61 0.32832
17 66 0.4185
17 67 0.8993
17 71 0.74577
17 74 0.04905
17 88 0.58272
17 94 0.70372
17 109 0.19846
17 110 0.51974
17 112 0.2695
17 116 0.40049
17 118 0.63251
17 119 0.26519
17 126 0.96832
17 129 0.1144
17 130 0.30578
17 136 0.03332
17 152 0.6545
17 154 0.01984
17 155 0.40555
17 157 0.41524
17 159 0.19761
69 21 0.46492
69 25 0.49052
69 36 0.61869
69 41 0.46302
69 45 0.19794
69 52 0.93654
69 55 0.84826
69 60 0.22918
69 61 0.29382
69 66 0.09238
69 67 0.14328
69 71 0.74014
69 74 0.41368
69 88 0.41729
69 94 0.34863
69 109 0.10724
69 110 0.28069
69 112 0.84807
69 116 0.68224
69 118 0.07951
69 119 0.32877
69 126 0.80876
69 129 0.65952
69 130 0.83145
69 136 0.28415
69 152 0.64525
69 154 0.53147
69 155 0.39702
69 157 0.62733
69 159 0.68894
75 21 0.72905
75 25 0.38904
75 36 0.24566
75 41 0.36094
75 45 0.02096
75 52 0.17957
75 55 0.02924
75 60 0.93986
75 61 0.19542
75 66 0.30865
75 67 0.3675
75 71 0.18708
75 74 0.11595
75 88 0.64073
75 94 0.98155
75 109 0.58081
75 110 0.02927
75 112 0.11719
75 116 0.36297
75 118 0.54168
75 119 0.9561
75 126 0.79837
75 129 0.74729
75 130 0.3409
75 136 0.63055
75 152 0.12076
75 154 0.22437
75 155 0.54057
75 157 0.89633
75 159 0.23642
77 21 0.77885
77 25 0.70457
77 36 0.52098
77 41 0.36755
77 45 0.14558
77 52 0.62077
77 55 0.89841
77 60 0.64508
77 61 0.24876
77 66 0.19746
77 67 0.72983
77 71 0.30711
77 74 0.16883
77 88 0.77614
77 94 0.25541
77 109 0.72508
77 110 0.06754
77 112 0.21474
77 116 0.28872
77 118 0.35462
77 119 0.75099
77 126 0.18168
77 129 0.37027
77 130 0.65845
77 136 0.46638
77 152 0.88927
77 154 0.90911
77 155 0.67832
77 157 0.37536
77 159 0.16218
79 21 0.84903
79 25 0.93866
79 36 0.40299
79 41 0.60304
79 45 0.30454
79 52 0.40501
79 55 0.60551
79 60 0.0107
79 61 0.55619
79 66 0.84001
79 67 0.26926
79 71 0.54851
79 74 0.67635
79 88 0.13771
79 94 0.44191
79 109 0.88069
79 110 0.05809
79 112 0.63857
79 116 0.33354
79 118 0.19901
79 119 0.72255
79 126 0.98313
79 129 0.17075
79 130 0.43251
79 136 0.88845
79 152 0.60004
79 154 0.16655
79 155 0.89969
79 157 0.84036
79 159 0.35284
89 21 0.43923
89 25 0.72125
89 36 0.62839
89 41 0.60084
89 45 0.25691
89 52 0.70939
89 55 0.15795
89 60 0.50147
89 61 0.28487
89 66 0.72108
89 67 0.67619
89 71 0.05999
89 74 0.86033
89 88 0.50758
89 94 0.17365
89 109 0.86579
89 110 0.20313
89 112 0.59523
89 116 0.43959
89 118 0.8564
89 119 0.04522
89 126 0.73431
89 129 0.66153
89 130 0.62329
89 136 0.24016
89 152 0.42722
89 154 0.6043
89 155 0.63808
89 157 0.71162
89 159 0.97136
93 21 0.76862
93 25 0.73441
93 36 0.47867
93 41 0.86154
93 45 0.23517
93 52 0.87249
93 55 0.323
93 60 0.42136
93 61 0.49216
93 66 0.22371
93 67 0.77292
93 71 0.30612
93 74 0.14817
93 88 0.46771
93 94 0.65029
93 109 0.12812
93 110 0.09282
93 112 0.40171
93 116 0.92224
93 118 0.88083
93 119 0.76224
93 126 0.83262
93 129 0.48144
93 130 0.01266
93 136 0.26761
93 152 0.0241
93 154 0.47722
93 155 0.53754
93 157 0.48969
93 159 0.31534
96 21 0.74941
96 25 0.64091
96 36 0.40322
96 41 0.36369
96 45 0.50578
96 52 0.39108
96 55 0.99628
96 60 0.68401
96 61 0.83585
96 66 0.97988
96 67 0.923
96 71 0.10598
96 74 0.76831
96 88 0.95986
96 94 0.86051
96 109 0.83347
96 110 0.22894
96 112 0.541
96 116 0.43641
96 118 0.65407
96 119 0.98054
96 126 0.83217
96 129 0.30653
96 130 0.74872
96 136 0.47057
96 152 0.87058
96 154 0.37016
96 155 0.81254
96 157 0.67463
96 159 0.33729
98 21 0.76249
98 25 0.99243
98 36 0.08445
98 41 0.1853
98 45 0.80737
98 52 0.22877
98 55 0.24114
98 60 0.01995
98 61 0.07241
98 66 0.8002
98 67 0.604
98 71 0.0363
98 74 0.04972
98 88 0.19202
98 94 0.22715
98 109 0.13747
98 110 0.39817
98 112 0.20703
98 116 0.85329
98 118 0.92559
98 119 0.53091
98 126 0.07824
98 129 0.87957
98 130 0.17479
98 136 0.50929
98 152 0.25971
98 154 0.37613
98 155 0.4172
98 157 0.30786
98 159 0.2391
103 21 0.78263
103 25 0.18676
103 36 0.4057
103 41 0.67823
103 45 0.02188
103 52 0.05245
103 55 0.58157
103 60 0.8215
103 61 0.30788
103 66 0.48075
103 67 0.00528
103 71 0.63052
103 74 0.54712
103 88 0.38122
103 94 0.84556
103 109 0.01028
103 110 0.05263
103 112 0.7644
103 116 0.3563
103 118 0.25043
103 119 0.71063
103 126 0.21096
103 129 0.82502
103 130 0.04788
103 136 0.41765
103 152 0.25247
103 154 0.92635
103 155 0.49671
103 157 0.65789
103 159 0.96387
104 21 0.80784
104 25 0.08847
104 36 0.54716
104 41 0.4825
104 45 0.55863
104 52 0.51276
104 55 0.42486
104 60 0.01182
104 61 0.68512
104 66 0.70582
104 67 0.4007
104 71 0.60265
104 74 0.70947
104 88 0.59525
104 94 0.32601
104 109 0.79363
104 110 0.66656
104 112 0.11584
104 116 0.61822
104 118 0.91926
104 119 0.77646
104 126 0.75232
104 129 0.74137
104 130 0.34717
104 136 0.80112
104 152 0.41747
104 154 0.04138
104 155 0.98411
104 157 0.63641
104 159 0.51693
107 21 0.33018
107 25 0.55979
107 36 0.72101
107 41 0.05509
107 45 0.16936
107 52 0.99856
107 55 0.10954
107 60 0.57766
107 61 0.22894
107 66 0.60887
107 67 0.25922
107 71 0.11489
107 74 0.07599
107 88 0.5789
107 94 0.2224
107 109 0.23861
107 110 0.29239
107 112 0.31363
107 116 0.61071
107 118 0.08709
107 119 0.18484
107 126 0.34892
107 129 0.89428
107 130 0.89722
107 136 0.01542
107 152 0.5473
107 154 0.83981
107 155 0.45475
107 157 0.71953
107 159 0.89967
128 21 0.37699
128 25 0.34493
128 36 0.44936
128 41 0.93004
128 45 0.22433
128 52 0.36906
128 55 0.50953
128 60 0.82971
128 61 0.05738
128 66 0.27157
128 67 0.5785
128 71 0.06683
128 74 0.34604
128 88 0.20814
128 94 0.1031
128 109 0.47425
128 110 0.62275
128 112 0.92241
128 116 0.25403
128 118 0.75572
128 119 0.29952
128 126 0.66821
128 129 0.59598
128 130 0.29824
128 136 0.71257
128 152 0.61836
128 154 0.13806
128 155 0.15209
128 157 0.65925
128 159 0.66284
131 21 0.31509
131 25 0.23063
131 36 0.71745
131 41 0.32697
131 45 0.87011
131 52 0.66537
131 55 0.75128
131 60 0.83589
131 61 0.88909
131 66 0.18552
131 67 0.04541
131 71 0.9273
131 74 0.8462
131 88 0.80479
131 94 0.00759
131 109 0.59946
131 110 0.81751
131 112 0.67784
131 116 0.19962
131 118 0.4253
131 119 0.05863
131 126 0.16122
131 129 0.30312
131 130 0.73498
131 136 0.79646
131 152 0.69571
131 154 0.22728
131 155 0.39169
131 157 0.42478
131 159 0.02177
148 21 0.90703
148 25 0.12787
148 36 0.62042
148 41 0.83627
148 45 0.27492
148 52 0.5793
148 55 0.42813
148 60 0.2888
148 61 0.44895
148 66 0.43796
148 67 0.33352
148 71 0.5098
148 74 0.2796
148 88 0.07585
148 94 0.5676
148 109 0.22046
148 110 0.73395
148 112 0.21265
148 116 0.21709
148 118 0.47682
148 119 0.86862
148 126 0.71282
148 129 0.12307
148 130 0.43424
148 136 0.61234
148 152 0.88792
148 154 0.78389
148 155 0.59076
148 157 0.50012
148 159 0.55665
149 21 0.07661
149 25 0.15545
149 36 0.39549
149 41 0.52731
149 45 0.75033
149 52 0.05039
149 55 0.22162
149 60 0.81673
149 61 0.27055
149 66 0.98035
149 67 0.96202
149 71 0.7609
149 74 0.79396
149 88 0.1721
149 94 0.76684
149 109 0.47373
149 110 0.58674
149 112 0.19103
149 116 0.55561
149 118 0.03227
149 119 0.29657
149 126 0.07917
149 129 0.72482
149 130 0.97272
149 136 0.03991
149 152 0.20153
149 154 0.03774
149 155 0.76165
149 157 0.14981
149 159 0.73703
153 21 0.628
153 25 0.39708
153 36 0.37176
153 41 0.38767
153 45 0.41196
153 52 0.6032
153 55 0.15343
153 60 0.93722
153 61 0.60814
153 66 0.41353
153 67 0.40829
153 71 0.19302
153 74 0.16091
153 88 0.54995
153 94 0.55117
153 109 0.04647
153 110 0.83578
153 112 0.48883
153 116 0.34419
153 118 0.55616
153 119 0.03786
153 126 0.51987
153 129 0.05385
153 130 0.03429
153 136 0.16228
153 152 0.38961
153 154 0.54768
153 155 0.79514
153 157 0.91799
153 159 0.82915
158 21 0.85538
158 25 0.85864
158 36 0.89482
158 41 0.11852
158 45 0.98313
158 52 0.24303
158 55 0.15944
158 60 0.2523
158 61 0.2341
158 66 0.85025
158 67 0.96865
158 71 0.63493
158 74 0.55397
158 88 0.60363
158 94 0.17949
158 109 0.6708
158 110 0.22044
158 112 0.62118
158 116 0.77444
158 118 0.64701
158 119 0.11631
158 126 0.42094
158 129 0.24996
158 130 0.36718
158 136 0.75736
158 152 0.19201
158 154 0.43347
158 155 0.38395
158 157 0.53201
158 159 0.29478
160 21 0.40392
160 25 0.36236
160 36 0.93703
160 41 0.78969
160 45 0.11509
160 52 0.31478
160 55 0.69408
160 60 0.23186
160 61 0.57787
160 66 0.61432
160 67 0.59185
160 71 0.30527
160 74 0.48913
160 88 0.27761
160 94 0.02483
160 109 0.69712
160 110 0.59182
160 112 0.84278
160 116 0.86901
160 118 0.97851
160 119 0.26824
160 126 0.0325
160 129 0.36434
160 130 0.89526
160 136 0.66062
160 152 0.91768
160 154 0.80398
160 155 0.89589
160 157 0.57973
160 159 0.33376
