27 13 0.53831
27 31 0.96384
27 57 0.16395
27 73 0.42055
27 77 0.97465
27 80 0.84135
27 81 0.59962
27 87 0.09942
27 98 0.83059
27 104 0.31565
27 106 0.41461
27 108 0.52245
27 123 0.81905
27 132 0.39975
27 133 0.07412
27 138 0.60168
51 13 0.54458
51 31 0.03851
51 57 0.1848
51 73 0.90745
51 77 0.9826
51 80 0.36766
51 81 0.08162
51 87 0.26287
51 98 0.06699
51 104 0.55859
51 106 0.6703
51 108 0.30446
51 123 0.39295
51 132 0.08163
51 133 0.21208
51 138 0.25983
52 13 0.29885
52 31 0.67396
52 57 0.33211
52 73 0.73814
52 77 0.52694
52 80 0.97606
52 81 0.86562
52 87 0.435
52 98 0.35518
52 104 0.45285
52 106 0.95135
52 108 0.49727
52 123 0.60493
52 132 0.18258
52 133 0.18205
52 138 0.01401
54 13 0.16375
54 31 0.59084
54 57 0.18615
54 73 0.58354
54 77 0.60181
54 80 0.75716
54 81 0.56361
54 87 0.91713
54 98 0.00016
54 104 0.05939
54 106 0.56035
54 108 0.23902
54 123 0.74832
54 132 0.45222
54 133 0.6493
54 138 0.54031
55 13 0.04908
55 31 0.82976
55 57 0.9529
55 73 0.89811
55 77 0.13767
55 80 0.88408
55 81 0.42853
55 87 0.12265
55 98 0.99164
55 104 0.85412
55 106 0.74939
55 108 0.21871
55 123 0.44062
55 132 0.17953
55 133 0.86132
55 138 0.98265
64 13 0.76104
64 31 0.24626
64 57 0.71358
64 73 0.14556
64 77 0.60587
64 80 0.19873
64 81 0.97381
64 87 0.44501
64 98 0.9272
64 104 0.94207
64 106 0.89803
64 108 0.07164
64 123 0.18681
64 132 0.1413
64 133 0.02847
64 138 0.69992
65 13 0.16777
65 31 0.90402
65 57 0.66403
65 73 0.72421
65 77 0.7076
65 80 0.45896
65 81 0.87945
65 87 0.75702
65 98 0.42363
65 104 0.4991
65 106 0.74199
65 108 0.48987
65 123 0.62079
65 132 0.90229
65 133 0.80529
65 138 0.19041
76 13 0.12854
76 31 0.19624
76 57 0.87953
76 73 0.87318
76 77 0.67543
76 80 0.68936
76 81 0.64437
76 87 0.0944
76 98 0.31572
76 104 0.3258
76 106 0.0058
76 108 0.78986
76 123 0.99513
76 132 0.50302
76 133 0.62363
76 138 0.61237
82 13 0.29823
82 31 0.61479
82 57 0.60109
82 73 0.79533
82 77 0.65772
82 80 0.24938
82 81 0.59493
82 87 0.69897
82 98 0.92636
82 104 0.63281
82 106 0.89259
82 108 0.68161
82 123 0.5426
82 132 0.18551
82 133 0.05292
82 138 0.23591
85 13 0.20004
85 31 0.82918
85 57 0.51054
85 73 0.30716
85 77 0.36788
85 80 0.54125
85 81 0.8248
85 87 0.38272
85 98 0.35197
85 104 0.54539
85 106 0.1913
85 108 0.74255
85 123 0.01074
85 132 0.44097
85 133 0.34313
85 138 0.38212
89 13 0.09324
89 31 0.1773
89 57 0.19802
89 73 0.80556
89 77 0.16277
89 80 0.90779
89 81 0.98596
89 87 0.22457
89 98 0.6108
89 104 0.63868
89 106 0.77869
89 108 0.67653
89 123 0.65622
89 132 0.23864
89 133 0.23804
89 138 0.91383
96 13 0.92096
96 31 0.48829
96 57 0.22378
96 73 0.24919
96 77 0.72653
96 80 0.08637
96 81 0.69861
96 87 0.74493
96 98 0.29555
96 104 0.30106
96 106 0.35597
96 108 0.17603
96 123 0.67351
96 132 0.13013
96 133 0.96674
96 138 0.95064
100 13 0.97767
100 31 0.20013
100 57 0.40462
100 73 0.52635
100 77 0.40617
100 80 0.27055
100 81 0.31075
100 87 0.90976
100 98 0.25861
100 104 0.26841
100 106 0.37382
100 108 0.19347
100 123 0.66485
100 132 0.96015
100 133 0.38646
100 138 0.75988
101 13 0.27855
101 31 0.86962
101 57 0.90178
101 73 0.45653
101 77 0.21564
101 80 0.20744
101 81 0.65837
101 87 0.34922
101 98 0.26787
101 104 0.63089
101 106 0.73643
101 108 0.73402
101 123 0.03929
101 132 0.66234
101 133 0.45162
101 138 0.455
109 13 0.0527
109 31 0.36367
109 57 0.60687
109 73 0.88234
109 77 0.2232
109 80 0.42897
109 81 0.30939
109 87 0.81879
109 98 0.5148
109 104 0.10962
109 106 0.02515
109 108 0.72903
109 123 0.35019
109 132 0.93929
109 133 0.48403
109 138 0.69276
110 13 0.35164
110 31 0.89098
110 57 0.86702
110 73 0.54991
110 77 0.0193
110 80 0.88328
110 81 0.0023
110 87 0.64901
110 98 0.90722
110 104 0.9154
110 106 0.7177
110 108 0.2796
110 123 0.27808
110 132 0.02796
110 133 0.99675
110 138 0.01297
115 13 0.95301
115 31 0.30192
115 57 0.79764
115 73 0.17941
115 77 0.49682
115 80 0.21517
115 81 0.60245
115 87 0.1514
115 98 0.70381
115 104 0.77069
115 106 0.25896
115 108 0.12734
115 123 0.06616
115 132 0.37322
115 133 0.70066
115 138 0.46287
127 13 0.85786
127 31 0.75481
127 57 0.68017
127 73 0.59943
127 77 0.85908
127 80 0.95122
127 81 0.4544
127 87 0.22877
127 98 0.43894
127 104 0.26699
127 106 0.73601
127 108 0.84462
127 123 0.177
127 132 0.20769
127 133 0.05302
127 138 0.99045
129 13 0.27395
129 31 0.41445
129 57 0.7305
129 73 0.88021
129 77 0.62729
129 80 0.46846
129 81 0.93727
129 87 0.24471
129 98 0.94443
129 104 0.15968
129 106 0.32119
129 108 0.10124
129 123 0.89108
129 132 0.64138
129 133 0.50183
129 138 0.66161
131 13 0.37093
131 31 0.15075
131 57 0.82391
131 73 0.75255
131 77 0.4016
131 80 0.73706
131 81 0.43111
131 87 0.20666
131 98 0.58287
131 104 0.79531
131 106 0.58118
131 108 0.31351
131 123 0.42015
131 132 0.85511
131 133 0.03417
131 138 0.50543
137 13 0.50129
137 31 0.62946
137 57 0.45491
137 73 0.41158
137 77 0.29034
137 80 0.36254
137 81 0.76339
137 87 0.63554
137 98 0.7591
137 104 0.95414
137 106 0.07894
137 108 0.8796
137 123 0.37623
137 132 0.30798
137 133 0.49236
137 138 0.62268
140 13 0.96991
140 31 0.34893
140 57 0.43728
140 73 0.44338
140 77 0.00349
140 80 0.70659
140 81 0.95858
140 87 0.23979
140 98 0.68035
140 104 0.4259
140 106 0.53306
140 108 0.88239
140 123 0.57292
140 132 0.73478
140 133 0.76002
140 138 0.8235
