17 21 0.88563
17 25 0.76408
17 36 0.53449
17 41 0.83519
17 45 0.58504
17 52 0.90533
17 55 0.53303
17 60 0.17411
17 61 0.28778
17 66 0.486
17 67 0.20942
17 71 0.38291
17 74 0.70258
17 88 0.44779
17 94 0.73084
17 109 0.87718
17 110 0.24465
17 112 0.62127
17 116 0.48724
17 118 0.82441
17 119 0.97272
17 126 0.67047
17 130 0.6273
17 136 0.60323
17 154 0.4504
17 155 0.68138
17 157 0.26205
17 159 0.82342
17 163 0.81235
17 166 0.47298
17 169 0.3521
17 170 0.07422
69 21 0.25831
69 25 0.44763
69 36 0.13572
69 41 0.9596
69 45 0.62633
69 52 0.83218
69 55 0.10392
69 60 0.15815
69 61 0.23025
69 66 0.54555
69 67 0.43033
69 71 0.2906
69 74 0.9119
69 88 0.13494
69 94 0.26712
69 109 0.69516
69 110 0.66463
69 112 0.07455
69 116 0.11233
69 118 0.6821
69 119 0.68705
69 126 0.62599
69 130 0.69115
69 136 0.70272
69 154 0.65368
69 155 0.97988
69 157 0.28288
69 159 0.99906
69 163 0.49424
69 166 0.3445
69 169 0.35202
69 170 0.63865
75 21 0.38356
75 25 0.54705
75 36 0.54167
75 41 0.37692
75 45 0.99822
75 52 0.84877
75 55 0.12518
75 60 0.39036
75 61 0.62947
75 66 0.94571
75 67 0.28597
75 71 0.01462
75 74 0.04671
75 88 0.89181
75 94 0.84392
75 109 0.35276
75 110 0.08172
75 112 0.16522
75 116 0.81029
75 118 0.21566
75 119 0.24867
75 126 0.97655
75 130 0.35833
75 136 0.85546
75 154 0.79371
75 155 0.96476
75 157 0.42293
75 159 0.44111
75 163 0.61548
75 166 0.87698
75 169 0.80908
75 170 0.75745
77 21 0.364
77 25 0.58524
77 36 0.90701
77 41 0.30024
77 45 0.64154
77 52 0.69607
77 55 0.91063
77 60 0.68061
77 61 0.06049
77 66 0.77079
77 67 0.2077
77 71 0.85056
77 74 0.86266
77 88 0.84624
77 94 0.30363
77 109 0.15683
77 110 0.20272
77 112 0.59561
77 116 0.71563
77 118 0.09116
77 119 0.05818
77 126 0.23913
77 130 0.4178
77 136 0.34221
77 154 0.56354
77 155 0.39772
77 157 0.09877
77 159 0.42708
77 163 0.23778
77 166 0.21174
77 169 0.36971
77 170 0.97287
79 21 0.77512
79 25 0.96103
79 36 0.46656
79 41 0.36114
79 45 0.75415
79 52 0.86994
79 55 0.14526
79 60 0.29229
79 61 0.5383
79 66 0.52906
79 67 0.75317
79 71 0.97149
79 74 0.51941
79 88 0.67759
79 94 0.3981
79 109 0.93375
79 110 0.06577
79 112 0.92158
79 116 0.50975
79 118 0.78397
79 119 0.98725
79 126 0.87044
79 130 0.03919
79 136 0.35055
79 154 0.62373
79 155 0.29547
79 157 0.16408
79 159 0.75237
79 163 0.76743
79 166 0.90371
79 169 0.07754
79 170 0.68243
89 21 0.39958
89 25 0.93949
89 36 0.05628
89 41 0.84158
89 45 0.34486
89 52 0.71876
89 55 0.91464
89 60 0.21702
89 61 0.35687
89 66 0.35894
89 67 0.74274
89 71 0.92743
89 74 0.13882
89 88 0.06835
89 94 0.3744
89 109 0.70754
89 110 0.09814
89 112 0.16409
89 116 0.56558
89 118 0.13775
89 119 0.6829
89 126 0.57647
89 130 0.87032
89 136 0.38939
89 154 0.48224
89 155 0.84071
89 157 0.11334
89 159 0.40858
89 163 0.21376
89 166 0.2835
89 169 0.46526
89 170 0.23946
93 21 0.94172
93 25 0.92914
93 36 0.40792
93 41 0.87858
93 45 0.48488
93 52 0.88477
93 55 0.41623
93 60 0.55377
93 61 0.26847
93 66 0.40212
93 67 0.85436
93 71 0.87004
93 74 0.52876
93 88 0.64442
93 94 0.2016
93 109 0.83471
93 110 0.0659
93 112 0.82775
93 116 0.16456
93 118 0.36098
93 119 0.93354
93 126 0.27406
93 130 0.79862
93 136 0.42582
93 154 0.92852
93 155 0.75572
93 157 0.43055
93 159 0.8167
93 163 0.64816
93 166 0.00196
93 169 0.65048
93 170 0.56463
96 21 0.6172
96 25 0.18874
96 36 0.03237
96 41 0.26692
96 45 0.52602
96 52 0.15263
96 55 0.69656
96 60 0.85002
96 61 0.82022
96 66 0.01209
96 67 0.66139
96 71 0.43654
96 74 0.29725
96 88 0.80633
96 94 0.42516
96 109 0.69738
96 110 0.43056
96 112 0.66618
96 116 0.65972
96 118 0.99309
96 119 0.27385
96 126 0.87509
96 130 0.16758
96 136 0.92225
96 154 0.16313
96 155 0.88709
96 157 0.24924
96 159 0.25077
96 163 0.26609
96 166 0.31973
96 169 0.14431
96 170 0.93288
98 21 0.57602
98 25 0.36045
98 36 0.22134
98 41 0.90971
98 45 0.06008
98 52 0.37538
98 55 0.57325
98 60 0.37207
98 61 0.87333
98 66 0.16486
98 67 0.86239
98 71 0.84868
98 74 0.13186
98 88 0.41357
98 94 0.5699
98 109 0.77115
98 110 0.29398
98 112 0.65343
98 116 0.67728
98 118 0.86813
98 119 0.97198
98 126 0.06212
98 130 0.19604
98 136 0.08404
98 154 0.61051
98 155 0.14311
98 157 0.49862
98 159 0.88621
98 163 0.96174
98 166 0.53502
98 169 0.73516
98 170 0.01593
103 21 0.35294
103 25 0.81941
103 36 0.37215
103 41 0.67941
103 45 0.38537
103 52 0.89392
103 55 0.60141
103 60 0.68429
103 61 0.85587
103 66 0.05112
103 67 0.73236
103 71 0.54833
103 74 0.40984
103 88 0.3888
103 94 0.392
103 109 0.18569
103 110 0.76784
103 112 0.00568
103 116 0.17397
103 118 0.18572
103 119 0.2548
103 126 0.62651
103 130 0.55846
103 136 0.11554
103 154 0.33006
103 155 0.13543
103 157 0.55256
103 159 0.81398
103 163 0.69392
103 166 0.84018
103 169 0.28091
103 170 0.18146
104 21 0.16291
104 25 0.63447
104 36 0.84924
104 41 0.08792
104 45 0.30637
104 52 0.82658
104 55 0.91693
104 60 0.77125
104 61 0.62922
104 66 0.94509
104 67 0.48424
104 71 0.03398
104 74 0.366
104 88 0.20609
104 94 0.80028
104 109 0.34831
104 110 0.53915
104 112 0.24686
104 116 0.44977
104 118 0.48231
104 119 0.5992
104 126 0.01431
104 130 0.31438
104 136 0.926
104 154 0.28644
104 155 0.66652
104 157 0.46093
104 159 0.10129
104 163 0.40767
104 166 0.75194
104 169 0.44885
104 170 0.81175
107 21 0.1434
107 25 0.91866
107 36 0.10116
107 41 0.2495
107 45 0.87195
107 52 0.18114
107 55 0.28972
107 60 0.26498
107 61 0.63632
107 66 0.61375
107 67 0.46308
107 71 0.82531
107 74 0.96655
107 88 0.76675
107 94 0.34444
107 109 0.50469
107 110 0.11031
107 112 0.90258
107 116 0.5511
107 118 0.35431
107 119 0.48283
107 126 0.41578
107 130 0.18953
107 136 0.77577
107 154 0.09676
107 155 0.96783
107 157 0.87088
107 159 0.83779
107 163 0.34273
107 166 0.58389
107 169 0.90878
107 170 0.77716
128 21 0.66381
128 25 0.99233
128 36 0.55328
128 41 0.72839
128 45 0.7661
128 52 0.04065
128 55 0.70662
128 60 0.92882
128 61 0.88514
128 66 0.23494
128 67 0.97416
128 71 0.61272
128 74 0.03731
128 88 0.33501
128 94 0.13991
128 109 0.60311
128 110 0.03255
128 112 0.52816
128 116 0.32845
128 118 0.88158
128 119 0.13103
128 126 0.89012
128 130 0.14669
128 136 0.71001
128 154 0.81947
128 155 0.01741
128 157 0.84555
128 159 0.05587
128 163 0.5118
128 166 0.55918
128 169 0.06738
128 170 0.78666
131 21 0.48916
131 25 0.15989
131 36 0.27532
131 41 0.85955
131 45 0.1538
131 52 0.94198
131 55 0.26464
131 60 0.45206
131 61 0.48453
131 66 0.69623
131 67 0.67229
131 71 0.3788
131 74 0.40205
131 88 0.80715
131 94 0.66798
131 109 0.93002
131 110 0.06009
131 112 0.34247
131 116 0.34259
131 118 0.02515
131 119 0.098
131 126 0.65821
131 130 0.49143
131 136 0.76982
131 154 0.34346
131 155 0.44471
131 157 0.97847
131 159 0.40899
131 163 0.73552
131 166 0.08594
131 169 0.13174
131 170 0.73191
148 21 0.6937
148 25 0.46974
148 36 0.4041
148 41 0.88828
148 45 0.33453
148 52 0.20972
148 55 0.665
148 60 0.78756
148 61 0.41054
148 66 0.3044
148 67 0.73217
148 71 0.55381
148 74 0.77582
148 88 0.91778
148 94 0.82109
148 109 0.73825
148 110 0.39866
148 112 0.5441
148 116 0.91503
148 118 0.25158
148 119 0.65789
148 126 0.58559
148 130 0.85633
148 136 0.09164
148 154 0.95495
148 155 0.56886
148 157 0.90431
148 159 0.26702
148 163 0.17078
148 166 0.8013
148 169 0.60426
148 170 0.97091
149 21 0.16405
149 25 0.70339
149 36 0.00846
149 41 0.1454
149 45 0.44565
149 52 0.85204
149 55 0.93818
149 60 0.65974
149 61 0.71589
149 66 0.67949
149 67 0.42984
149 71 0.49143
149 74 0.51605
149 88 0.07681
149 94 0.51238
149 109 0.26776
149 110 0.76556
149 112 0.8121
149 116 0.00734
149 118 0.29678
149 119 0.80275
149 126 0.75241
149 130 0.59029
149 136 0.33837
149 154 0.47549
149 155 0.21528
149 157 0.83608
149 159 0.01357
149 163 0.89174
149 166 0.11039
149 169 0.04436
149 170 0.44264
153 21 0.35914
153 25 0.13625
153 36 0.65366
153 41 0.03271
153 45 0.65671
153 52 0.90053
153 55 0.4434
153 60 0.56317
153 61 0.94674
153 66 0.8783
153 67 0.83733
153 71 0.88593
153 74 0.99599
153 88 0.9688
153 94 0.97303
153 109 0.53743
153 110 0.4046
153 112 0.32689
153 116 0.00515
153 118 0.04035
153 119 0.68461
153 126 0.40858
153 130 0.36304
153 136 0.53333
153 154 0.63933
153 155 0.51791
153 157 0.83981
153 159 0.97011
153 163 0.93698
153 166 0.74598
153 169 0.33495
153 170 0.05798
158 21 0.74343
158 25 0.92337
158 36 0.9731
158 41 0.15762
158 45 0.40524
158 52 0.34998
158 55 0.96267
158 60 0.26986
158 61 0.15463
158 66 0.09837
158 67 0.28875
158 71 0.37706
158 74 0.84213
158 88 0.38301
158 94 0.88499
158 109 0.44284
158 110 0.96077
158 112 0.00071
158 116 0.24673
158 118 0.86044
158 119 0.98134
158 126 0.14444
158 130 0.91387
158 136 0.92682
158 154 0.5297
158 155 0.22757
158 157 0.2182
158 159 0.4798
158 163 0.63136
158 166 0.85754
158 169 0.91915
158 170 0.45756
160 21 0.73482
160 25 0.9338
160 36 0.67654
160 41 0.29691
160 45 0.25641
160 52 0.76508
160 55 0.72453
160 60 0.35308
160 61 0.90323
160 66 0.63672
160 67 0.15837
160 71 0.64612
160 74 0.86241
160 88 0.67495
160 94 0.1922
160 109 0.66583
160 110 0.63254
160 112 0.92444
160 116 0.28022
160 118 0.21555
160 119 0.09653
160 126 0.65544
160 130 0.03122
160 136 0.52507
160 154 0.87666
160 155 0.43202
160 157 0.52576
160 159 0.0116
160 163 0.93838
160 166 0.09232
160 169 0.35758
160 170 0.67621
162 21 0.01618
162 25 0.0949
162 36 0.44188
162 41 0.02617
162 45 0.78117
162 52 0.13024
162 55 0.46492
162 60 0.90088
162 61 0.86879
162 66 0.67218
162 67 0.03362
162 71 0.14489
162 74 0.15855
162 88 0.90176
162 94 0.4045
162 109 0.45315
162 110 0.86258
162 112 0.92157
162 116 0.81833
162 118 0.54038
162 119 0.94975
162 126 0.53483
162 130 0.24624
162 136 0.06366
162 154 0.41249
162 155 0.04268
162 157 0.01606
162 159 0.83484
162 163 0.03504
162 166 0.888
162 169 0.80796
162 170 0.81077
164 21 0.29514
164 25 0.00395
164 36 0.8984
164 41 0.40621
164 45 0.68635
164 52 0.42089
164 55 0.14887
164 60 0.37253
164 61 0.0219
164 66 0.78106
164 67 0.66087
164 71 0.8708
164 74 0.51175
164 88 0.63977
164 94 0.44863
164 109 0.93915
164 110 0.67025
164 112 0.49015
164 116 0.36723
164 118 0.8564
164 119 0.83954
164 126 0.45007
164 130 0.89914
164 136 0.63358
164 154 0.75422
164 155 0.91836
164 157 0.52726
164 159 0.53488
164 163 0.52735
164 166 0.12797
164 169 0.75677
164 170 0.56151
168 21 0.04865
168 25 0.48209
168 36 0.92893
168 41 0.97837
168 45 0.16533
168 52 0.33841
168 55 0.64388
168 60 0.37774
168 61 0.67372
168 66 0.52889
168 67 0.67631
168 71 0.7103
168 74 0.28339
168 88 0.27141
168 94 0.41433
168 109 0.72554
168 110 0.65146
168 112 0.82558
168 116 0.53324
168 118 0.94482
168 119 0.80576
168 126 0.24131
168 130 0.29412
168 136 0.335
168 154 0.47465
168 155 0.36217
168 157 0.95697
168 159 0.08962
168 163 0.78335
168 166 0.30417
168 169 0.99583
168 170 0.62383
