1 2
1 3
3 2
4 1
1 4
5 1
4 5
4 6
1 6
2 7
1 7
8 6
8 4
9 4
9 1
5 10
1 10
11 9
11 4
1 12
5 12
5 13
8 13
4 14
14 1
1 15
15 8
8 16
6 16
17 14
17 1
1 18
18 5
19 7
19 14
20 1
14 20
1 21
21 12
22 9
7 22
23 21
23 4
24 5
6 24
25 1
8 25
16 26
4 26
27 1
27 17
28 8
2 28
29 1
15 29
30 18
14 30
20 31
21 31
9 32
32 6
2 33
22 33
1 34
26 34
35 11
7 35
26 36
24 36
37 1
37 17
3 38
1 38
39 37
39 21
1 40
40 37
41 1
37 41
42 21
28 42
38 43
11 43
15 44
44 1
45 1
36 45
26 46
46 3
47 30
47 11
48 10
34 48
26 49
49 18
50 11
50 30
