39 19 0.17098
39 22 0.52175
39 27 0.23403
39 28 0.62168
39 35 0.92256
39 58 0.67275
39 61 0.95497
39 62 0.10111
39 66 0.65233
39 70 0.48452
39 73 0.68106
39 79 0.15879
39 88 0.96729
39 89 0.08565
39 91 0.21612
39 103 0.092
39 109 0.1994
39 110 0.82762
39 114 0.46097
39 116 0.25314
39 119 0.86018
39 136 0.43161
39 138 0.10358
39 148 0.45109
39 152 0.70725
39 154 0.61834
39 156 0.45353
39 162 0.40877
39 164 0.32145
39 166 0.441
39 169 0.39348
39 173 0.37856
39 179 0.01961
39 182 0.46157
39 187 0.26815
39 189 0.35366
41 19 0.96277
41 22 0.69662
41 27 0.69666
41 28 0.1579
41 35 0.97814
41 58 0.35778
41 61 0.76025
41 62 0.25807
41 66 0.55839
41 70 0.2229
41 73 0.06345
41 79 0.40407
41 88 0.2379
41 89 0.97455
41 91 0.15186
41 103 0.28503
41 109 0.04152
41 110 0.3175
41 114 0.29879
41 116 0.09016
41 119 0.94918
41 136 0.34059
41 138 0.935
41 148 0.61863
41 152 0.21956
41 154 0.59097
41 156 0.68687
41 162 0.01258
41 164 0.42341
41 166 0.74744
41 169 0.3228
41 173 0.59739
41 179 0.1994
41 182 0.59481
41 187 0.09455
41 189 0.70123
42 19 0.38399
42 22 0.1377
42 27 0.95032
42 28 0.66805
42 35 0.62819
42 58 0.26007
42 61 0.66501
42 62 0.36974
42 66 0.8581
42 70 0.5998
42 73 0.97188
42 79 0.47542
42 88 0.11574
42 89 0.77941
42 91 0.17027
42 103 0.59845
42 109 0.02597
42 110 0.43455
42 114 0.38149
42 116 0.95519
42 119 0.5967
42 136 0.39739
42 138 0.75383
42 148 0.31956
42 152 0.19966
42 154 0.55715
42 156 0.44117
42 162 0.8091
42 164 0.82306
42 166 0.65843
42 169 0.84737
42 173 0.63081
42 179 0.13258
42 182 0.38963
42 187 0.23305
42 189 0.41173
48 19 0.77454
48 22 0.16204
48 27 0.90923
48 28 0.44169
48 35 0.39523
48 58 0.45563
48 61 0.22244
48 62 0.49029
48 66 0.60699
48 70 0.82867
48 73 0.80949
48 79 0.80497
48 88 0.52661
48 89 0.1565
48 91 0.82636
48 103 0.85321
48 109 0.09606
48 110 0.03941
48 114 0.59042
48 116 0.29506
48 119 0.91995
48 136 0.42798
48 138 0.64877
48 148 0.72478
48 152 0.50039
48 154 0.54621
48 156 0.89607
48 162 0.14338
48 164 0.66411
48 166 0.01234
48 169 0.39937
48 173 0.98339
48 179 0.77363
48 182 0.28066
48 187 0.9652
48 189 0.6431
49 19 0.50642
49 22 0.60511
49 27 0.10005
49 28 0.71125
49 35 0.76747
49 58 0.22824
49 61 0.25188
49 62 0.20828
49 66 0.64744
49 70 0.08617
49 73 0.32243
49 79 0.7467
49 88 0.57474
49 89 0.79451
49 91 0.5227
49 103 0.49876
49 109 0.27555
49 110 0.10114
49 114 0.93049
49 116 0.47517
49 119 0.83796
49 136 0.78735
49 138 0.91537
49 148 0.03576
49 152 0.5947
49 154 0.64028
49 156 0.11382
49 162 0.96536
49 164 0.94338
49 166 0.77776
49 169 0.45472
49 173 0.61326
49 179 0.74029
49 182 0.08445
49 187 0.91231
49 189 0.52707
50 19 0.8319
50 22 0.94071
50 27 0.73053
50 28 0.56771
50 35 0.92138
50 58 0.05626
50 61 0.2791
50 62 0.07318
50 66 0.86365
50 70 0.6121
50 73 0.86488
50 79 0.61071
50 88 0.52704
50 89 0.43707
50 91 0.48565
50 103 0.37119
50 109 0.56567
50 110 0.49824
50 114 0.02449
50 116 0.51059
50 119 0.83333
50 136 0.69005
50 138 0.07008
50 148 0.93468
50 152 0.42151
50 154 0.01392
50 156 0.11456
50 162 0.19576
50 164 0.84027
50 166 0.11765
50 169 0.60353
50 173 0.78115
50 179 0.6856
50 182 0.49843
50 187 0.86573
50 189 0.72758
74 19 0.52088
74 22 0.15647
74 27 0.74956
74 28 0.09754
74 35 0.25983
74 58 0.43229
74 61 0.04839
74 62 0.07888
74 66 0.70698
74 70 0.48483
74 73 0.14711
74 79 0.135
74 88 0.88866
74 89 0.84659
74 91 0.5096
74 103 0.34436
74 109 0.55254
74 110 0.82195
74 114 0.02818
74 116 0.44664
74 119 0.75464
74 136 0.05424
74 138 0.44808
74 148 0.7612
74 152 0.04138
74 154 0.52649
74 156 0.69003
74 162 0.44726
74 164 0.04324
74 166 0.03684
74 169 0.17417
74 173 0.52911
74 179 0.24284
74 182 0.07559
74 187 0.68034
74 189 0.72976
75 19 0.5169
75 22 0.03304
75 27 0.71058
75 28 0.75511
75 35 0.95391
75 58 0.3362
75 61 0.63548
75 62 0.17254
75 66 0.38802
75 70 0.51623
75 73 0.27471
75 79 0.64437
75 88 0.81525
75 89 0.90647
75 91 0.86239
75 103 0.07625
75 109 0.97079
75 110 0.7245
75 114 0.79221
75 116 0.40231
75 119 0.74066
75 136 0.09013
75 138 0.65749
75 148 0.60744
75 152 0.90863
75 154 0.79532
75 156 0.52035
75 162 0.23806
75 164 0.98651
75 166 0.01686
75 169 0.67108
75 173 0.37192
75 179 0.59619
75 182 0.61833
75 187 0.31008
75 189 0.36532
81 19 0.9001
81 22 0.76698
81 27 0.43939
81 28 0.25566
81 35 0.60113
81 58 0.43761
81 61 0.99712
81 62 0.14613
81 66 0.70598
81 70 0.17073
81 73 0.34543
81 79 0.71073
81 88 0.45319
81 89 0.75529
81 91 0.79539
81 103 0.27601
81 109 0.10706
81 110 0.13428
81 114 0.72773
81 116 0.60581
81 119 0.17479
81 136 0.18299
81 138 0.58259
81 148 0.19835
81 152 0.18731
81 154 0.10551
81 156 0.90608
81 162 0.8857
81 164 0.46838
81 166 0.98382
81 169 0.01996
81 173 0.65336
81 179 0.58001
81 182 0.72813
81 187 0.9639
81 189 0.74666
84 19 0.3906
84 22 0.04102
84 27 0.33793
84 28 0.72818
84 35 0.7599
84 58 0.47158
84 61 0.91266
84 62 0.76831
84 66 0.38541
84 70 0.38735
84 73 0.61978
84 79 0.87738
84 88 0.05273
84 89 0.96918
84 91 0.58651
84 103 0.53563
84 109 0.39746
84 110 0.24483
84 114 0.7466
84 116 0.31723
84 119 0.37013
84 136 0.36617
84 138 0.75296
84 148 0.63282
84 152 0.35297
84 154 0.64653
84 156 0.65305
84 162 0.83751
84 164 0.58688
84 166 0.04437
84 169 0.91106
84 173 0.21548
84 179 0.8395
84 182 0.85464
84 187 0.04613
84 189 0.97902
92 19 0.20212
92 22 0.24012
92 27 0.51569
92 28 0.72946
92 35 0.04315
92 58 0.90269
92 61 0.07675
92 62 0.05433
92 66 0.02683
92 70 0.77757
92 73 0.59382
92 79 0.10267
92 88 0.30722
92 89 0.40193
92 91 0.89272
92 103 0.99589
92 109 0.10604
92 110 0.32878
92 114 0.64832
92 116 0.82333
92 119 0.85984
92 136 0.52498
92 138 0.25077
92 148 0.03753
92 152 0.44126
92 154 0.27697
92 156 0.85355
92 162 0.76739
92 164 0.26355
92 166 0.5267
92 169 0.68385
92 173 0.59973
92 179 0.89515
92 182 0.98841
92 187 0.50533
92 189 0.32466
95 19 0.88418
95 22 0.17499
95 27 0.57325
95 28 0.22946
95 35 0.68684
95 58 0.39211
95 61 0.72042
95 62 0.29947
95 66 0.55547
95 70 0.53617
95 73 0.29212
95 79 0.81046
95 88 0.21089
95 89 0.40093
95 91 0.8518
95 103 0.05154
95 109 0.40831
95 110 0.90719
95 114 0.08244
95 116 0.50245
95 119 0.70648
95 136 0.97676
95 138 0.81784
95 148 0.75323
95 152 0.73964
95 154 0.18009
95 156 0.89404
95 162 0.12358
95 164 0.30834
95 166 0.10584
95 169 0.94859
95 173 0.07574
95 179 0.58199
95 182 0.00153
95 187 0.24891
95 189 0.83205
98 19 0.55407
98 22 0.49039
98 27 0.19658
98 28 0.21871
98 35 0.7115
98 58 0.45567
98 61 0.10585
98 62 0.74947
98 66 0.28432
98 70 0.17568
98 73 0.62103
98 79 0.2527
98 88 0.58912
98 89 0.23847
98 91 0.87322
98 103 0.43219
98 109 0.54744
98 110 0.47157
98 114 0.34542
98 116 0.34641
98 119 0.53257
98 136 0.96456
98 138 0.77463
98 148 0.34605
98 152 0.93345
98 154 0.85103
98 156 0.15669
98 162 0.30601
98 164 0.91587
98 166 0.17903
98 169 0.35674
98 173 0.53886
98 179 0.97359
98 182 0.30282
98 187 0.18832
98 189 0.17172
99 19 0.79063
99 22 0.87274
99 27 0.60306
99 28 0.80017
99 35 0.84747
99 58 0.92664
99 61 0.09296
99 62 0.85775
99 66 0.06683
99 70 0.40533
99 73 0.96889
99 79 0.83849
99 88 0.41062
99 89 0.72328
99 91 0.35398
99 103 0.38869
99 109 0.66895
99 110 0.00554
99 114 0.09549
99 116 0.19598
99 119 0.42175
99 136 0.35265
99 138 0.77444
99 148 0.3061
99 152 0.95036
99 154 0.09454
99 156 0.30536
99 162 0.77987
99 164 0.45744
99 166 0.56371
99 169 0.83888
99 173 0.03592
99 179 0.31232
99 182 0.53707
99 187 0.40694
99 189 0.74664
106 19 0.0401
106 22 0.44434
106 27 0.76126
106 28 0.16885
106 35 0.58058
106 58 0.51831
106 61 0.09545
106 62 0.3636
106 66 0.4889
106 70 0.03809
106 73 0.26734
106 79 0.78429
106 88 0.62451
106 89 0.54913
106 91 0.87512
106 103 0.6877
106 109 0.77773
106 110 0.58337
106 114 0.76061
106 116 0.17037
106 119 0.58419
106 136 0.73201
106 138 0.31461
106 148 0.32959
106 152 0.56337
106 154 0.88435
106 156 0.9058
106 162 0.41872
106 164 0.01882
106 166 0.50348
106 169 0.13614
106 173 0.67566
106 179 0.06426
106 182 0.84685
106 187 0.65348
106 189 0.47597
112 19 0.34965
112 22 0.66441
112 27 0.16486
112 28 0.57445
112 35 0.67261
112 58 0.81592
112 61 0.9903
112 62 0.42558
112 66 0.30563
112 70 0.48166
112 73 0.4197
112 79 0.77414
112 88 0.55255
112 89 0.24735
112 91 0.79893
112 103 0.74141
112 109 0.8378
112 110 0.61813
112 114 0.34446
112 116 0.07825
112 119 0.41478
112 136 0.07795
112 138 0.83492
112 148 0.25849
112 152 0.29662
112 154 0.32244
112 156 0.37873
112 162 0.68985
112 164 0.56829
112 166 0.26429
112 169 0.4768
112 173 0.24325
112 179 0.07895
112 182 0.24228
112 187 0.23393
112 189 0.54345
120 19 0.45943
120 22 0.98054
120 27 0.20504
120 28 0.50874
120 35 0.23938
120 58 0.18378
120 61 0.50277
120 62 0.82698
120 66 0.01285
120 70 0.90246
120 73 0.04979
120 79 0.49213
120 88 0.33504
120 89 0.46969
120 91 0.0274
120 103 0.93587
120 109 0.5818
120 110 0.20411
120 114 0.48164
120 116 0.56451
120 119 0.10075
120 136 0.47801
120 138 0.38548
120 148 0.96707
120 152 0.63327
120 154 0.21092
120 156 0.3331
120 162 0.62034
120 164 0.11188
120 166 0.37562
120 169 0.90732
120 173 0.87836
120 179 0.19187
120 182 0.88735
120 187 0.96111
120 189 0.43148
134 19 0.24876
134 22 0.06252
134 27 0.56087
134 28 0.27461
134 35 0.82067
134 58 0.05143
134 61 0.32286
134 62 0.38139
134 66 0.19098
134 70 0.69318
134 73 0.95582
134 79 0.36226
134 88 0.92341
134 89 0.27467
134 91 0.20914
134 103 0.84978
134 109 0.89399
134 110 0.39408
134 114 0.68524
134 116 0.92383
134 119 0.29236
134 136 0.54535
134 138 0.78389
134 148 0.80405
134 152 0.55985
134 154 0.52168
134 156 0.76874
134 162 0.69386
134 164 0.97644
134 166 0.27844
134 169 0.37447
134 173 0.40133
134 179 0.21782
134 182 0.36919
134 187 0.73767
134 189 0.28129
144 19 0.35396
144 22 0.85293
144 27 0.73763
144 28 0.4947
144 35 0.26541
144 58 0.43493
144 61 0.00677
144 62 0.42301
144 66 0.84439
144 70 0.43145
144 73 0.67715
144 79 0.10952
144 88 0.4315
144 89 0.60631
144 91 0.89507
144 103 0.98007
144 109 0.08122
144 110 0.42856
144 114 0.45998
144 116 0.91721
144 119 0.1642
144 136 0.48462
144 138 0.9808
144 148 0.66013
144 152 0.65397
144 154 0.25896
144 156 0.61586
144 162 0.47365
144 164 0.60496
144 166 0.61296
144 169 0.67059
144 173 0.3368
144 179 0.33057
144 182 0.84226
144 187 0.00352
144 189 0.74075
145 19 0.00056
145 22 0.96475
145 27 0.192
145 28 0.52919
145 35 0.36588
145 58 0.78251
145 61 0.19894
145 62 0.85073
145 66 0.09488
145 70 0.71481
145 73 0.62742
145 79 0.19098
145 88 0.99508
145 89 0.1359
145 91 0.09685
145 103 0.09522
145 109 0.66628
145 110 0.82116
145 114 0.26828
145 116 0.98055
145 119 0.49985
145 136 0.70237
145 138 0.46477
145 148 0.8156
145 152 0.0702
145 154 0.45947
145 156 0.82392
145 162 0.70148
145 164 0.57841
145 166 0.42062
145 169 0.38708
145 173 0.08009
145 179 0.67526
145 182 0.72504
145 187 0.91894
145 189 0.39577
150 19 0.61766
150 22 0.51864
150 27 0.90062
150 28 0.14249
150 35 0.29207
150 58 0.10581
150 61 0.6764
150 62 0.55822
150 66 0.95015
150 70 0.39513
150 73 0.6256
150 79 0.42925
150 88 0.70977
150 89 0.41081
150 91 0.13714
150 103 0.41918
150 109 0.12725
150 110 0.43912
150 114 0.31827
150 116 0.31781
150 119 0.35167
150 136 0.51302
150 138 0.06669
150 148 0.6993
150 152 0.15081
150 154 0.29238
150 156 0.95627
150 162 0.08491
150 164 0.52965
150 166 0.84919
150 169 0.63974
150 173 0.49516
150 179 0.57727
150 182 0.81781
150 187 0.32246
150 189 0.63761
160 19 0.97798
160 22 0.00481
160 27 0.94037
160 28 0.06846
160 35 0.70612
160 58 0.72738
160 61 0.38469
160 62 0.13554
160 66 0.03073
160 70 0.67162
160 73 0.84676
160 79 0.38414
160 88 0.68633
160 89 0.45967
160 91 0.9888
160 103 0.0139
160 109 0.35662
160 110 0.38323
160 114 0.07958
160 116 0.65273
160 119 0.22272
160 136 0.00214
160 138 0.87674
160 148 0.82052
160 152 0.72437
160 154 0.27964
160 156 0.52985
160 162 0.21091
160 164 0.87235
160 166 0.48472
160 169 0.48735
160 173 0.60465
160 179 0.35661
160 182 0.04479
160 187 0.16288
160 189 0.53668
161 19 0.50862
161 22 0.23929
161 27 0.33019
161 28 0.63642
161 35 0.71739
161 58 0.30404
161 61 0.48392
161 62 0.82589
161 66 0.89047
161 70 0.8061
161 73 0.44108
161 79 0.18184
161 88 0.50103
161 89 0.80699
161 91 0.85711
161 103 0.80853
161 109 0.01544
161 110 0.68364
161 114 0.7606
161 116 0.46256
161 119 0.46504
161 136 0.04035
161 138 0.42966
161 148 0.54438
161 152 0.00573
161 154 0.56293
161 156 0.74734
161 162 0.95046
161 164 0.02039
161 166 0.90375
161 169 0.39477
161 173 0.81429
161 179 0.33005
161 182 0.69251
161 187 0.32286
161 189 0.31614
163 19 0.65357
163 22 0.44746
163 27 0.43105
163 28 0.38214
163 35 0.84609
163 58 0.25389
163 61 0.51152
163 62 0.26927
163 66 0.11827
163 70 0.33274
163 73 0.89693
163 79 0.56012
163 88 0.70006
163 89 0.71858
163 91 0.35196
163 103 0.55005
163 109 0.21596
163 110 0.65848
163 114 0.06083
163 116 0.84686
163 119 0.59035
163 136 0.03749
163 138 0.82702
163 148 0.17564
163 152 0.40572
163 154 0.36663
163 156 0.47482
163 162 0.36142
163 164 0.24402
163 166 0.2873
163 169 0.49409
163 173 0.30699
163 179 0.90386
163 182 0.57569
163 187 0.27644
163 189 0.87765
167 19 0.43261
167 22 0.65741
167 27 0.31428
167 28 0.14601
167 35 0.06226
167 58 0.63115
167 61 0.29948
167 62 0.09486
167 66 0.60011
167 70 0.66658
167 73 0.97828
167 79 0.73135
167 88 0.83937
167 89 0.04019
167 91 0.84685
167 103 0.30459
167 109 0.22101
167 110 0.48185
167 114 0.13872
167 116 0.74312
167 119 0.80316
167 136 0.16434
167 138 0.12185
167 148 0.81564
167 152 0.10229
167 154 0.75345
167 156 0.5234
167 162 0.57562
167 164 0.2503
167 166 0.54438
167 169 0.90805
167 173 0.78403
167 179 0.11316
167 182 0.7146
167 187 0.95177
167 189 0.11841
168 19 0.91403
168 22 0.11059
168 27 0.80788
168 28 0.81575
168 35 0.84965
168 58 0.55113
168 61 0.19811
168 62 0.43096
168 66 0.76308
168 70 0.90161
168 73 0.69175
168 79 0.13179
168 88 0.29891
168 89 0.29501
168 91 0.65362
168 103 0.82706
168 109 0.93875
168 110 0.46992
168 114 0.58269
168 116 0.20483
168 119 0.36158
168 136 0.47384
168 138 0.10264
168 148 0.03382
168 152 0.92415
168 154 0.11915
168 156 0.42593
168 162 0.19115
168 164 0.71687
168 166 0.05181
168 169 0.19914
168 173 0.5746
168 179 0.92887
168 182 0.96567
168 187 0.51113
168 189 0.64065
171 19 0.2193
171 22 0.91133
171 27 0.01223
171 28 0.16242
171 35 0.93308
171 58 0.90073
171 61 0.15929
171 62 0.29242
171 66 0.60669
171 70 0.22133
171 73 0.02699
171 79 0.46777
171 88 0.48481
171 89 0.32632
171 91 0.94098
171 103 0.56817
171 109 0.78477
171 110 0.09516
171 114 0.06067
171 116 0.31851
171 119 0.96413
171 136 0.81406
171 138 0.61651
171 148 0.77564
171 152 0.67121
171 154 0.14343
171 156 0.61147
171 162 0.0481
171 164 0.94525
171 166 0.80256
171 169 0.1002
171 173 0.92827
171 179 0.21529
171 182 0.83872
171 187 0.93425
171 189 0.35552
174 19 0.58488
174 22 0.39092
174 27 0.65739
174 28 0.57568
174 35 0.13816
174 58 0.37977
174 61 0.97451
174 62 0.20177
174 66 0.3541
174 70 0.13156
174 73 0.26536
174 79 0.2359
174 88 0.50018
174 89 0.5338
174 91 0.2336
174 103 0.77882
174 109 0.17642
174 110 0.23752
174 114 0.43725
174 116 0.39434
174 119 0.78074
174 136 0.91382
174 138 0.91717
174 148 0.66482
174 152 0.32271
174 154 0.51487
174 156 0.06341
174 162 0.16526
174 164 0.62723
174 166 0.95759
174 169 0.95484
174 173 0.33973
174 179 0.40432
174 182 0.02967
174 187 0.82237
174 189 0.7418
177 19 0.32321
177 22 0.94296
177 27 0.44263
177 28 0.43391
177 35 0.50641
177 58 0.44797
177 61 0.35695
177 62 0.82228
177 66 0.32301
177 70 0.66501
177 73 0.50964
177 79 0.74397
177 88 0.90352
177 89 0.6549
177 91 0.14203
177 103 0.79547
177 109 0.55469
177 110 0.36413
177 114 0.18688
177 116 0.33375
177 119 0.53003
177 136 0.22264
177 138 0.4084
177 148 0.00026
177 152 0.49682
177 154 0.22218
177 156 0.47247
177 162 0.29716
177 164 0.97053
177 166 0.27375
177 169 0.48283
177 173 0.65326
177 179 0.18566
177 182 0.34603
177 187 0.16774
177 189 0.59333
