51 13 0.17424
51 31 0.35619
51 57 0.84053
51 73 0.26188
51 77 0.3447
51 80 0.04063
51 81 0.568
51 87 0.86668
51 104 0.53888
51 106 0.58285
51 108 0.91229
51 123 0.06709
51 132 0.85971
51 133 0.99698
51 138 0.60725
51 143 0.47882
51 144 0.87897
51 145 0.53186
51 146 0.23715
51 148 0.68232
52 13 0.41524
52 31 0.35813
52 57 0.24604
52 73 0.26672
52 77 0.32973
52 80 0.11165
52 81 0.13823
52 87 0.8989
52 104 0.56589
52 106 0.9705
52 108 0.92772
52 123 0.48474
52 132 0.53336
52 133 0.35756
52 138 0.00601
52 143 0.01949
52 144 0.86856
52 145 0.32375
52 146 0.89342
52 148 0.25108
55 13 0.98876
55 31 0.06351
55 57 0.64464
55 73 0.05322
55 77 0.20806
55 80 0.32499
55 81 0.80654
55 87 0.68844
55 104 0.00367
55 106 0.7343
55 108 0.77898
55 123 0.8578
55 132 0.29795
55 133 0.24234
55 138 0.04071
55 143 0.38207
55 144 0.03581
55 145 0.12378
55 146 0.70117
55 148 0.36799
64 13 0.64561
64 31 0.9773
64 57 0.22414
64 73 0.08737
64 77 0.40156
64 80 0.86315
64 81 0.73666
64 87 0.09475
64 104 0.81926
64 106 0.73767
64 108 0.47254
64 123 0.80509
64 132 0.22763
64 133 0.60926
64 138 0.10642
64 143 0.35905
64 144 0.53469
64 145 0.25369
64 146 0.48411
64 148 0.3163
65 13 0.1939
65 31 0.26441
65 57 0.55446
65 73 0.19917
65 77 0.50259
65 80 0.4807
65 81 0.53518
65 87 0.98869
65 104 0.60689
65 106 0.40397
65 108 0.40932
65 123 0.53741
65 132 0.4422
65 133 0.958
65 138 0.59865
65 143 0.10106
65 144 0.31943
65 145 0.22701
65 146 0.74348
65 148 0.00037
76 13 0.52416
76 31 0.10313
76 57 0.38586
76 73 0.36799
76 77 0.48036
76 80 0.20537
76 81 0.48786
76 87 0.37976
76 104 0.66178
76 106 0.73021
76 108 0.81716
76 123 0.24383
76 132 0.2145
76 133 0.7748
76 138 0.66825
76 143 0.01934
76 144 0.92689
76 145 0.34919
76 146 0.72688
76 148 0.46926
82 13 0.87055
82 31 0.88391
82 57 0.84015
82 73 0.42199
82 77 0.50217
82 80 0.21834
82 81 0.47603
82 87 0.06453
82 104 0.69174
82 106 0.6672
82 108 0.46287
82 123 0.48193
82 132 0.24792
82 133 0.89483
82 138 0.32179
82 143 0.70886
82 144 0.67514
82 145 0.11763
82 146 0.48247
82 148 0.19477
85 13 0.52627
85 31 0.05101
85 57 0.35999
85 73 0.82144
85 77 0.14455
85 80 0.64092
85 81 0.49219
85 87 0.78422
85 104 0.54479
85 106 0.7558
85 108 0.90447
85 123 0.19199
85 132 0.74205
85 133 0.45351
85 138 0.64287
85 143 0.10128
85 144 0.12216
85 145 0.56624
85 146 0.93907
85 148 0.39295
89 13 0.55161
89 31 0.5587
89 57 0.90449
89 73 0.23899
89 77 0.45154
89 80 0.30463
89 81 0.64497
89 87 0.67153
89 104 0.10991
89 106 0.84305
89 108 0.49076
89 123 0.26376
89 132 0.56831
89 133 0.04215
89 138 0.55187
89 143 0.74553
89 144 0.24691
89 145 0.72462
89 146 0.56334
89 148 0.09051
96 13 0.57363
96 31 0.11317
96 57 0.77405
96 73 0.69502
96 77 0.10531
96 80 0.34957
96 81 0.17916
96 87 0.78068
96 104 0.64126
96 106 0.39237
96 108 0.45369
96 123 0.12134
96 132 0.25987
96 133 0.23494
96 138 0.19607
96 143 0.98552
96 144 0.54698
96 145 0.00211
96 146 0.75853
96 148 0.8325
100 13 0.60774
100 31 0.83329
100 57 0.13116
100 73 0.73859
100 77 0.4369
100 80 0.92148
100 81 0.36723
100 87 0.4017
100 104 0.13778
100 106 0.99713
100 108 0.58195
100 123 0.92167
100 132 0.9124
100 133 0.86295
100 138 0.75642
100 143 0.05852
100 144 0.45661
100 145 0.39868
100 146 0.16645
100 148 0.77749
101 13 0.58221
101 31 0.89719
101 57 0.87585
101 73 0.13285
101 77 0.92155
101 80 0.06052
101 81 0.40989
101 87 0.66219
101 104 0.24226
101 106 0.23771
101 108 0.03391
101 123 0.87458
101 132 0.01878
101 133 0.11288
101 138 0.91405
101 143 0.48403
101 144 0.66309
101 145 0.09506
101 146 0.96374
101 148 0.40103
109 13 0.81865
109 31 0.77806
109 57 0.60022
109 73 0.56314
109 77 0.66466
109 80 0.08968
109 81 0.93066
109 87 0.86386
109 104 0.02294
109 106 0.36149
109 108 0.19664
109 123 0.70516
109 132 0.19695
109 133 0.74628
109 138 0.38274
109 143 0.92293
109 144 0.37864
109 145 0.00183
109 146 0.38714
109 148 0.67266
110 13 0.89312
110 31 0.04493
110 57 0.86637
110 73 0.92443
110 77 0.46447
110 80 0.26225
110 81 0.35662
110 87 0.82014
110 104 0.83519
110 106 0.64595
110 108 0.38317
110 123 0.78668
110 132 0.92692
110 133 0.95754
110 138 0.01114
110 143 0.29174
110 144 0.45843
110 145 0.94102
110 146 0.57865
110 148 0.09283
115 13 0.09753
115 31 0.11276
115 57 0.20277
115 73 0.70853
115 77 0.03568
115 80 0.73016
115 81 0.05692
115 87 0.98056
115 104 0.92533
115 106 0.20706
115 108 0.50839
115 123 0.85725
115 132 0.9972
115 133 0.87121
115 138 0.22137
115 143 0.58421
115 144 0.16553
115 145 0.64286
115 146 0.43659
115 148 0.27877
127 13 0.67724
127 31 0.12837
127 57 0.46979
127 73 0.68492
127 77 0.86295
127 80 0.77008
127 81 0.54951
127 87 0.7487
127 104 0.27127
127 106 0.9187
127 108 0.03606
127 123 0.94539
127 132 0.76758
127 133 0.04872
127 138 0.8986
127 143 0.54652
127 144 0.30519
127 145 0.27594
127 146 0.33954
127 148 0.2146
129 13 0.99321
129 31 0.43106
129 57 0.58799
129 73 0.18572
129 77 0.04536
129 80 0.99365
129 81 0.10416
129 87 0.6209
129 104 0.41557
129 106 0.31816
129 108 0.80906
129 123 0.11685
129 132 0.88553
129 133 0.17508
129 138 0.22041
129 143 0.97153
129 144 0.39153
129 145 0.09332
129 146 0.19731
129 148 0.98958
131 13 0.71961
131 31 0.84403
131 57 0.46742
131 73 0.0529
131 77 0.01579
131 80 0.72125
131 81 0.79338
131 87 0.77913
131 104 0.14221
131 106 0.88124
131 108 0.87501
131 123 0.42884
131 132 0.39972
131 133 0.51891
131 138 0.33972
131 143 0.39297
131 144 0.06291
131 145 0.58985
131 146 0.60335
131 148 0.568
137 13 0.4083
137 31 0.73239
137 57 0.17114
137 73 0.03702
137 77 0.84554
137 80 0.07537
137 81 0.71956
137 87 0.21594
137 104 0.24751
137 106 0.68437
137 108 0.23981
137 123 0.36415
137 132 0.12659
137 133 0.00738
137 138 0.32944
137 143 0.83225
137 144 0.03943
137 145 0.2084
137 146 0.77522
137 148 0.27672
140 13 0.65672
140 31 0.77686
140 57 0.34005
140 73 0.6341
140 77 0.59007
140 80 0.14109
140 81 0.45359
140 87 0.88804
140 104 0.94587
140 106 0.73816
140 108 0.37307
140 123 0.4686
140 132 0.67111
140 133 0.32742
140 138 0.86279
140 143 0.74192
140 144 0.21128
140 145 0.54843
140 146 0.85406
140 148 0.95908
141 13 0.54105
141 31 0.65911
141 57 0.52636
141 73 0.73472
141 77 0.91091
141 80 0.38922
141 81 0.9784
141 87 0.45155
141 104 0.3278
141 106 0.95969
141 108 0.58182
141 123 0.31886
141 132 0.681
141 133 0.57686
141 138 0.69382
141 143 0.83879
141 144 0.0323
141 145 0.54065
141 146 0.20505
141 148 0.81393
149 13 0.41214
149 31 0.96038
149 57 0.90462
149 73 0.34911
149 77 0.42443
149 80 0.21394
149 81 0.22491
149 87 0.90514
149 104 0.86798
149 106 0.86081
149 108 0.99274
149 123 0.98041
149 132 0.48944
149 133 0.92743
149 138 0.49329
149 143 0.87873
149 144 0.97007
149 145 0.12332
149 146 0.68211
149 148 0.0875
150 13 0.2216
150 31 0.94318
150 57 0.90749
150 73 0.10073
150 77 0.18702
150 80 0.48426
150 81 0.74849
150 87 0.34074
150 104 0.31064
150 106 0.14394
150 108 0.31866
150 123 0.02143
150 132 0.05623
150 133 0.19428
150 138 0.31426
150 143 0.03968
150 144 0.29502
150 145 0.63214
150 146 0.15303
150 148 0.16575
155 13 0.68565
155 31 0.34722
155 57 0.19678
155 73 0.30141
155 77 0.0497
155 80 0.98335
155 81 0.95773
155 87 0.4037
155 104 0.45731
155 106 0.35819
155 108 0.8924
155 123 0.16624
155 132 0.82865
155 133 0.68389
155 138 0.07154
155 143 0.08762
155 144 0.83656
155 145 0.30834
155 146 0.04897
155 148 0.47287
