28 18 0.63777
28 43 0.72306
28 48 0.48218
28 53 0.73828
28 58 0.4223
28 60 0.57065
28 61 0.23072
28 73 0.16689
28 84 0.7796
28 88 0.63033
28 89 0.05845
28 94 0.712
28 96 0.59672
28 106 0.3139
28 107 0.27871
28 112 0.52644
28 115 0.82232
28 116 0.63641
28 119 0.76506
28 121 0.09464
28 125 0.45415
28 128 0.59461
28 129 0.29626
28 133 0.75206
28 140 0.1392
28 142 0.46921
28 148 0.91085
42 18 0.71631
42 43 0.21412
42 48 0.48587
42 53 0.76154
42 58 0.33894
42 60 0.15607
42 61 0.38069
42 73 0.62675
42 84 0.05601
42 88 0.89681
42 89 0.11319
42 94 0.56829
42 96 0.38175
42 106 0.98554
42 107 0.27678
42 112 0.49777
42 115 0.07272
42 116 0.98738
42 119 0.72395
42 121 0.86219
42 125 0.32972
42 128 0.26782
42 129 0.39068
42 133 0.92069
42 140 0.27867
42 142 0.87145
42 148 0.36538
49 18 0.79007
49 43 0.70511
49 48 0.87504
49 53 0.22377
49 58 0.61984
49 60 0.47605
49 61 0.01856
49 73 0.29113
49 84 0.26345
49 88 0.8435
49 89 0.67662
49 94 0.74383
49 96 0.7607
49 106 0.82158
49 107 0.96556
49 112 0.48094
49 115 0.49722
49 116 0.12556
49 119 0.38139
49 121 0.21568
49 125 0.79848
49 128 0.80217
49 129 0.34613
49 133 0.58781
49 140 0.63467
49 142 0.1383
49 148 0.97907
52 18 0.74566
52 43 0.1766
52 48 0.53211
52 53 0.31371
52 58 0.88915
52 60 0.60803
52 61 0.85401
52 73 0.69642
52 84 0.35305
52 88 0.24223
52 89 0.61395
52 94 0.63577
52 96 0.39929
52 106 0.3862
52 107 0.745
52 112 0.42707
52 115 0.4087
52 116 0.44341
52 119 0.2024
52 121 0.52621
52 125 0.4045
52 128 0.32833
52 129 0.73271
52 133 0.95098
52 140 0.75525
52 142 0.6132
52 148 0.81384
55 18 0.34275
55 43 0.99397
55 48 0.99579
55 53 0.45366
55 58 0.89067
55 60 0.6167
55 61 0.2467
55 73 0.35028
55 84 0.79667
55 88 0.22451
55 89 0.64677
55 94 0.07973
55 96 0.80144
55 106 0.55122
55 107 0.79317
55 112 0.32691
55 115 0.74851
55 116 0.29664
55 119 0.32506
55 121 0.44492
55 125 0.81874
55 128 0.44158
55 129 0.87023
55 133 0.30497
55 140 0.35679
55 142 0.41672
55 148 0.75954
68 18 0.34191
68 43 0.02058
68 48 0.73421
68 53 0.85132
68 58 0.31701
68 60 0.24631
68 61 0.17445
68 73 0.53387
68 84 0.91032
68 88 0.61694
68 89 0.52692
68 94 0.27184
68 96 0.28156
68 106 0.31707
68 107 0.88244
68 112 0.44352
68 115 0.87808
68 116 0.22271
68 119 0.57521
68 121 0.36603
68 125 0.37096
68 128 0.4938
68 129 0.1139
68 133 0.91896
68 140 0.88884
68 142 0.35124
68 148 0.07748
69 18 0.45907
69 43 0.91845
69 48 0.07831
69 53 0.81772
69 58 0.66933
69 60 0.0598
69 61 0.74827
69 73 0.28464
69 84 0.3092
69 88 0.54898
69 89 0.86691
69 94 0.8105
69 96 0.78309
69 106 0.99
69 107 0.65863
69 112 0.39796
69 115 0.58553
69 116 0.79051
69 119 0.15799
69 121 0.50965
69 125 0.23786
69 128 0.00761
69 129 0.76445
69 133 0.16888
69 140 0.1234
69 142 0.05854
69 148 0.74936
71 18 0.04198
71 43 0.36655
71 48 0.47528
71 53 0.80465
71 58 0.55974
71 60 0.5974
71 61 0.82292
71 73 0.46561
71 84 0.17416
71 88 0.07273
71 89 0.32693
71 94 0.32576
71 96 0.41088
71 106 0.37249
71 107 0.39473
71 112 0.00896
71 115 0.61589
71 116 0.52105
71 119 0.73019
71 121 0.6879
71 125 0.87569
71 128 0.07317
71 129 0.38976
71 133 0.40291
71 140 0.80558
71 142 0.59876
71 148 0.83575
76 18 0.71297
76 43 0.29835
76 48 0.79461
76 53 0.50184
76 58 0.23715
76 60 0.07944
76 61 0.65033
76 73 0.50513
76 84 0.24718
76 88 0.24123
76 89 0.47723
76 94 0.82147
76 96 0.56798
76 106 0.66957
76 107 0.36378
76 112 0.40253
76 115 0.37327
76 116 0.88609
76 119 0.5299
76 121 0.64742
76 125 0.12944
76 128 0.65947
76 129 0.55601
76 133 0.5524
76 140 0.60766
76 142 0.1101
76 148 0.27115
78 18 0.44963
78 43 0.20606
78 48 0.65227
78 53 0.87419
78 58 0.35562
78 60 0.45211
78 61 0.84714
78 73 0.11903
78 84 0.53242
78 88 0.18544
78 89 0.02149
78 94 0.57196
78 96 0.40678
78 106 0.21665
78 107 0.05923
78 112 0.42681
78 115 0.84808
78 116 0.4006
78 119 0.4406
78 121 0.64557
78 125 0.2925
78 128 0.08433
78 129 0.65217
78 133 0.05675
78 140 0.98518
78 142 0.48521
78 148 0.65479
92 18 0.59129
92 43 0.97147
92 48 0.92479
92 53 0.13722
92 58 0.12545
92 60 0.60414
92 61 0.17159
92 73 0.28501
92 84 0.2085
92 88 0.45606
92 89 0.43709
92 94 0.94665
92 96 0.5433
92 106 0.01116
92 107 0.05622
92 112 0.00247
92 115 0.03705
92 116 0.62479
92 119 0.6316
92 121 0.53626
92 125 0.58747
92 128 0.89837
92 129 0.91214
92 133 0.1273
92 140 0.70607
92 142 0.96933
92 148 0.49599
98 18 0.95884
98 43 0.3749
98 48 0.05791
98 53 0.13591
98 58 0.97321
98 60 0.69976
98 61 0.61795
98 73 0.53136
98 84 0.57473
98 88 0.60037
98 89 0.95935
98 94 0.71368
98 96 0.49083
98 106 0.46801
98 107 0.37391
98 112 0.51447
98 115 0.36328
98 116 0.52999
98 119 0.71184
98 121 0.01777
98 125 0.08631
98 128 0.34158
98 129 0.67804
98 133 0.4333
98 140 0.6438
98 142 0.77942
98 148 0.80387
102 18 0.6326
102 43 0.74918
102 48 0.82186
102 53 0.39046
102 58 0.93611
102 60 0.07672
102 61 0.64119
102 73 0.90127
102 84 0.42298
102 88 0.23721
102 89 0.02697
102 94 0.15337
102 96 0.93534
102 106 0.12794
102 107 0.91099
102 112 0.26103
102 115 0.99048
102 116 0.18979
102 119 0.17738
102 121 0.77695
102 125 0.82344
102 128 0.40937
102 129 0.1407
102 133 0.90412
102 140 0.57358
102 142 0.16629
102 148 0.06563
108 18 0.08014
108 43 0.8929
108 48 0.20923
108 53 0.17491
108 58 0.12194
108 60 0.80329
108 61 0.89375
108 73 0.66956
108 84 0.35772
108 88 0.78272
108 89 0.3481
108 94 0.59663
108 96 0.39899
108 106 0.10074
108 107 0.93665
108 112 0.58127
108 115 0.36325
108 116 0.44396
108 119 0.16543
108 121 0.67548
108 125 0.65991
108 128 0.67136
108 129 0.2945
108 133 0.93587
108 140 0.08808
108 142 0.80049
108 148 0.01063
114 18 0.158
114 43 0.90762
114 48 0.12941
114 53 0.27634
114 58 0.83706
114 60 0.4545
114 61 0.06477
114 73 0.88349
114 84 0.01237
114 88 0.50717
114 89 0.82521
114 94 0.13182
114 96 0.66639
114 106 0.28513
114 107 0.64768
114 112 0.38068
114 115 0.61637
114 116 0.78379
114 119 0.49404
114 121 0.37051
114 125 0.63543
114 128 0.63361
114 129 0.16362
114 133 0.42133
114 140 0.90567
114 142 0.70676
114 148 0.77981
117 18 0.29286
117 43 0.3563
117 48 0.3226
117 53 0.27723
117 58 0.93443
117 60 0.17961
117 61 0.37564
117 73 0.0222
117 84 0.80221
117 88 0.96434
117 89 0.06428
117 94 0.86962
117 96 0.23061
117 106 0.15042
117 107 0.65219
117 112 0.16305
117 115 0.28865
117 116 0.133
117 119 0.10811
117 121 0.35606
117 125 0.77325
117 128 0.66963
117 129 0.32978
117 133 0.30732
117 140 0.01253
117 142 0.99765
117 148 0.968
122 18 0.25423
122 43 0.99305
122 48 0.37786
122 53 0.30927
122 58 0.48237
122 60 0.05677
122 61 0.58181
122 73 0.5847
122 84 0.53224
122 88 0.70721
122 89 0.24934
122 94 0.44938
122 96 0.04751
122 106 0.22794
122 107 0.33773
122 112 0.9716
122 115 0.75661
122 116 0.77813
122 119 0.63389
122 121 0.53464
122 125 0.63777
122 128 0.61854
122 129 0.25469
122 133 0.41837
122 140 0.27132
122 142 0.79684
122 148 0.25901
130 18 0.41957
130 43 0.17817
130 48 0.97069
130 53 0.59494
130 58 0.41393
130 60 0.50721
130 61 0.0633
130 73 0.83906
130 84 0.78907
130 88 0.02762
130 89 0.07645
130 94 0.93939
130 96 0.60009
130 106 0.58666
130 107 0.06658
130 112 0.26193
130 115 0.61186
130 116 0.40599
130 119 0.01011
130 121 0.21558
130 125 0.26679
130 128 0.03674
130 129 0.37788
130 133 0.48659
130 140 0.9751
130 142 0.12872
130 148 0.07444
134 18 0.61717
134 43 0.53637
134 48 0.08719
134 53 0.42125
134 58 0.13188
134 60 0.73306
134 61 0.15626
134 73 0.08338
134 84 0.50109
134 88 0.19901
134 89 0.81447
134 94 0.1349
134 96 0.63651
134 106 0.26165
134 107 0.67192
134 112 0.48182
134 115 0.35164
134 116 0.32253
134 119 0.81702
134 121 0.82667
134 125 0.7581
134 128 0.80169
134 129 0.0253
134 133 0.8778
134 140 0.58177
134 142 0.09389
134 148 0.21117
138 18 0.45925
138 43 0.79322
138 48 0.86473
138 53 0.34976
138 58 0.86572
138 60 0.96872
138 61 0.56198
138 73 0.33858
138 84 0.58154
138 88 0.754
138 89 0.62249
138 94 0.1078
138 96 0.51641
138 106 0.39561
138 107 0.40338
138 112 0.82138
138 115 0.9277
138 116 0.32968
138 119 0.82276
138 121 0.58463
138 125 0.59661
138 128 0.98782
138 129 0.97214
138 133 0.51422
138 140 0.46454
138 142 0.68688
138 148 0.11146
147 18 0.32029
147 43 0.21938
147 48 0.3219
147 53 0.43946
147 58 0.83893
147 60 0.5596
147 61 0.87916
147 73 0.63929
147 84 0.72091
147 88 0.56597
147 89 0.12626
147 94 0.24808
147 96 0.97916
147 106 0.30987
147 107 0.98791
147 112 0.26062
147 115 0.38813
147 116 0.13977
147 119 0.70911
147 121 0.6524
147 125 0.20462
147 128 0.89843
147 129 0.59894
147 133 0.9526
147 140 0.54623
147 142 0.68998
147 148 0.13063
