17 21 0.69335
17 25 0.97427
17 36 0.87797
17 41 0.05806
17 45 0.60938
17 52 0.0164
17 55 0.76863
17 60 0.76273
17 61 0.31327
17 66 0.68015
17 67 0.61639
17 71 0.93903
17 74 0.0913
17 88 0.29753
17 94 0.55423
17 106 0.14904
17 109 0.91362
17 110 0.63604
17 112 0.25308
17 116 0.80423
17 117 0.02878
17 118 0.96007
17 119 0.53056
46 21 0.89866
46 25 0.2967
46 36 0.15397
46 41 0.55158
46 45 0.81656
46 52 0.49561
46 55 0.46228
46 60 0.28211
46 61 0.89158
46 66 0.71751
46 67 0.86088
46 71 0.88282
46 74 0.46567
46 88 0.28963
46 94 0.569
46 106 0.25797
46 109 0.94386
46 110 0.73728
46 112 0.95939
46 116 0.94015
46 117 0.35053
46 118 0.65283
46 119 0.49786
69 21 0.63451
69 25 0.34555
69 36 0.06249
69 41 0.2749
69 45 0.89482
69 52 0.11648
69 55 0.7281
69 60 0.21019
69 61 0.13838
69 66 0.39124
69 67 0.93942
69 71 0.50193
69 74 0.97818
69 88 0.76041
69 94 0.22079
69 106 0.14476
69 109 0.82273
69 110 0.27136
69 112 0.26442
69 116 0.031
69 117 0.74714
69 118 0.32396
69 119 0.6176
75 21 0.01029
75 25 0.70684
75 36 0.99459
75 41 0.61212
75 45 0.80921
75 52 0.99915
75 55 0.03942
75 60 0.56055
75 61 0.68317
75 66 0.18615
75 67 0.99539
75 71 0.25715
75 74 0.27767
75 88 0.10369
75 94 0.6372
75 106 0.91502
75 109 0.24469
75 110 0.65723
75 112 0.62057
75 116 0.45199
75 117 0.01858
75 118 0.14357
75 119 0.75465
77 21 0.3872
77 25 0.60672
77 36 0.32611
77 41 0.36751
77 45 0.49913
77 52 0.14118
77 55 0.29175
77 60 0.16083
77 61 0.17282
77 66 0.2141
77 67 0.56436
77 71 0.47241
77 74 0.79937
77 88 0.41701
77 94 0.52526
77 106 0.8506
77 109 0.49768
77 110 0.56549
77 112 0.58706
77 116 0.80007
77 117 0.25668
77 118 0.99651
77 119 0.95248
78 21 0.21779
78 25 0.46623
78 36 0.64485
78 41 0.99465
78 45 0.49298
78 52 0.56471
78 55 0.71786
78 60 0.61193
78 61 0.15937
78 66 0.48612
78 67 0.46216
78 71 0.79442
78 74 0.06513
78 88 0.17662
78 94 0.98844
78 106 0.12444
78 109 0.76758
78 110 0.40869
78 112 0.47551
78 116 0.85967
78 117 0.52086
78 118 0.23936
78 119 0.62739
79 21 0.39947
79 25 0.2206
79 36 0.71199
79 41 0.3734
79 45 0.19296
79 52 0.16547
79 55 0.37053
79 60 0.66114
79 61 0.83861
79 66 0.10559
79 67 0.90204
79 71 0.45369
79 74 0.38556
79 88 0.78736
79 94 0.58509
79 106 0.40624
79 109 0.99019
79 110 0.29832
79 112 0.30614
79 116 0.07156
79 117 0.15096
79 118 0.09221
79 119 0.2606
80 21 0.56864
80 25 0.06495
80 36 0.76701
80 41 0.70175
80 45 0.29276
80 52 0.15278
80 55 0.16798
80 60 0.68925
80 61 0.23053
80 66 0.14019
80 67 0.54534
80 71 0.5288
80 74 0.19658
80 88 0.7934
80 94 0.74869
80 106 0.07193
80 109 0.75017
80 110 0.97969
80 112 0.89702
80 116 0.67871
80 117 0.56053
80 118 0.27108
80 119 0.65515
89 21 0.62972
89 25 0.43051
89 36 0.86597
89 41 0.09222
89 45 0.52811
89 52 0.68062
89 55 0.32858
89 60 0.04953
89 61 0.23479
89 66 0.0565
89 67 0.6443
89 71 0.04912
89 74 0.13901
89 88 0.03955
89 94 0.64992
89 106 0.10393
89 109 0.4765
89 110 0.05639
89 112 0.30791
89 116 0.59696
89 117 0.55061
89 118 0.40022
89 119 0.06613
90 21 0.08347
90 25 0.11161
90 36 0.83599
90 41 0.48743
90 45 0.08248
90 52 0.66224
90 55 0.19571
90 60 0.51709
90 61 0.31836
90 66 0.3786
90 67 0.47107
90 71 0.92826
90 74 0.85803
90 88 0.38257
90 94 0.09742
90 106 0.98355
90 109 0.52193
90 110 0.64729
90 112 0.46504
90 116 0.39131
90 117 0.17513
90 118 0.71521
90 119 0.22617
93 21 0.71078
93 25 0.76604
93 36 0.66827
93 41 0.37606
93 45 0.51605
93 52 0.02706
93 55 0.08556
93 60 0.61159
93 61 0.36973
93 66 0.09985
93 67 0.20893
93 71 0.33742
93 74 0.61909
93 88 0.65873
93 94 0.05885
93 106 0.16554
93 109 0.74663
93 110 0.42683
93 112 0.16643
93 116 0.46066
93 117 0.43055
93 118 0.15427
93 119 0.79667
96 21 0.16301
96 25 0.65565
96 36 0.74107
96 41 0.07954
96 45 0.70723
96 52 0.77069
96 55 0.06547
96 60 0.17039
96 61 0.09725
96 66 0.28733
96 67 0.95718
96 71 0.07182
96 74 0.94793
96 88 0.87324
96 94 0.23452
96 106 0.82942
96 109 0.11309
96 110 0.34792
96 112 0.4787
96 116 0.53803
96 117 0.91452
96 118 0.79943
96 119 0.91078
98 21 0.8285
98 25 0.97274
98 36 0.40149
98 41 0.43403
98 45 0.92586
98 52 0.7537
98 55 0.71601
98 60 0.77307
98 61 0.97835
98 66 0.43503
98 67 0.46419
98 71 0.31171
98 74 0.87757
98 88 0.08363
98 94 0.50004
98 106 0.9302
98 109 0.7081
98 110 0.49083
98 112 0.87458
98 116 0.08735
98 117 0.56109
98 118 0.49697
98 119 0.898
103 21 0.45216
103 25 0.46085
103 36 0.46046
103 41 0.61019
103 45 0.08598
103 52 0.53376
103 55 0.23738
103 60 0.17312
103 61 0.96947
103 66 0.82206
103 67 0.96439
103 71 0.17499
103 74 0.32874
103 88 0.19858
103 94 0.18433
103 106 0.82399
103 109 0.06889
103 110 0.83108
103 112 0.3424
103 116 0.77314
103 117 0.98619
103 118 0.97507
103 119 0.98369
104 21 0.28017
104 25 0.71828
104 36 0.85013
104 41 0.519
104 45 0.13669
104 52 0.30472
104 55 0.02378
104 60 0.11787
104 61 0.38245
104 66 0.09644
104 67 0.75045
104 71 0.30061
104 74 0.24373
104 88 0.58095
104 94 0.44953
104 106 0.20104
104 109 0.05923
104 110 0.87714
104 112 0.26774
104 116 0.91065
104 117 0.08619
104 118 0.54995
104 119 0.50721
107 21 0.8069
107 25 0.06351
107 36 0.93313
107 41 0.59908
107 45 0.47128
107 52 0.0863
107 55 0.65967
107 60 0.40732
107 61 0.82174
107 66 0.79137
107 67 0.73365
107 71 0.3784
107 74 0.71724
107 88 0.1656
107 94 0.72601
107 106 0.38907
107 109 0.79641
107 110 0.19134
107 112 0.74864
107 116 0.85827
107 117 0.85614
107 118 0.22824
107 119 0.80141
111 21 0.68283
111 25 0.46004
111 36 0.34815
111 41 0.82818
111 45 0.48372
111 52 0.01282
111 55 0.00491
111 60 0.76825
111 61 0.16897
111 66 0.03966
111 67 0.24726
111 71 0.57623
111 74 0.76365
111 88 0.07197
111 94 0.95168
111 106 0.51569
111 109 0.21612
111 110 0.76249
111 112 0.36918
111 116 0.77826
111 117 0.8808
111 118 0.32321
111 119 0.38027
113 21 0.32417
113 25 0.83096
113 36 0.19183
113 41 0.806
113 45 0.56211
113 52 0.63648
113 55 0.81574
113 60 0.63097
113 61 0.79798
113 66 0.54051
113 67 0.9118
113 71 0.15219
113 74 0.7012
113 88 0.61707
113 94 0.47897
113 106 0.17475
113 109 0.10648
113 110 0.87709
113 112 0.47829
113 116 0.561
113 117 0.23292
113 118 0.24207
113 119 0.39638
