28 18 0.76702
28 33 0.12675
28 39 0.87842
28 43 0.34805
28 48 0.50224
28 53 0.45334
28 58 0.99171
28 60 0.79441
28 61 0.38949
28 73 0.89177
28 84 0.06767
28 87 0.2321
28 88 0.40633
28 89 0.95498
28 94 0.52665
28 96 0.92428
28 106 0.08273
28 107 0.76975
28 109 0.49398
28 112 0.85083
28 115 0.97851
28 116 0.79106
28 119 0.81251
42 18 0.35669
42 33 0.44083
42 39 0.21906
42 43 0.845
42 48 0.44678
42 53 0.63829
42 58 0.71994
42 60 0.00518
42 61 0.96972
42 73 0.85803
42 84 0.40366
42 87 0.43008
42 88 0.94968
42 89 0.79714
42 94 0.45117
42 96 0.27122
42 106 0.54669
42 107 0.84668
42 109 0.80935
42 112 0.78681
42 115 0.62818
42 116 0.89187
42 119 0.39835
49 18 0.72062
49 33 0.10526
49 39 0.05798
49 43 0.6349
49 48 0.08066
49 53 0.99698
49 58 0.59434
49 60 0.38431
49 61 0.64596
49 73 0.44039
49 84 0.92441
49 87 0.94844
49 88 0.73487
49 89 0.86263
49 94 0.08701
49 96 0.79044
49 106 0.08106
49 107 0.80752
49 109 0.16405
49 112 0.3896
49 115 0.69393
49 116 0.23586
49 119 0.71779
52 18 0.76173
52 33 0.93973
52 39 0.85054
52 43 0.75589
52 48 0.94211
52 53 0.77986
52 58 0.61702
52 60 0.11662
52 61 0.27491
52 73 0.2904
52 84 0.25172
52 87 0.67335
52 88 0.58969
52 89 0.19132
52 94 0.64428
52 96 0.46121
52 106 0.04179
52 107 0.86178
52 109 0.27286
52 112 0.9571
52 115 0.78271
52 116 0.64698
52 119 0.2354
55 18 0.19543
55 33 0.91356
55 39 0.13689
55 43 0.98406
55 48 0.94125
55 53 0.9297
55 58 0.1514
55 60 0.47223
55 61 0.4513
55 73 0.48028
55 84 0.40289
55 87 0.41969
55 88 0.35675
55 89 0.65358
55 94 0.12832
55 96 0.11041
55 106 0.43152
55 107 0.0813
55 109 0.90706
55 112 0.26845
55 115 0.43855
55 116 0.83806
55 119 0.42887
57 18 0.0678
57 33 0.80428
57 39 0.3789
57 43 0.47921
57 48 0.89308
57 53 0.55269
57 58 0.91423
57 60 0.74176
57 61 0.81163
57 73 0.62442
57 84 0.66637
57 87 0.31414
57 88 0.67791
57 89 0.18405
57 94 0.82744
57 96 0.24691
57 106 0.31758
57 107 0.21053
57 109 0.32577
57 112 0.02961
57 115 0.69056
57 116 0.85266
57 119 0.64857
68 18 0.28458
68 33 0.11232
68 39 0.60437
68 43 0.252
68 48 0.1418
68 53 0.92363
68 58 0.58538
68 60 0.47116
68 61 0.79928
68 73 0.70891
68 84 0.32081
68 87 0.46495
68 88 0.3916
68 89 0.80898
68 94 0.02091
68 96 0.51428
68 106 0.43481
68 107 0.38018
68 109 0.31248
68 112 0.33437
68 115 0.90037
68 116 0.52455
68 119 0.97008
69 18 0.44862
69 33 0.64453
69 39 0.69829
69 43 0.5133
69 48 0.12902
69 53 0.50181
69 58 0.48284
69 60 0.80186
69 61 0.77504
69 73 0.18348
69 84 0.16261
69 87 0.04459
69 88 0.44097
69 89 0.2708
69 94 0.39876
69 96 0.1248
69 106 0.86232
69 107 0.10239
69 109 0.81422
69 112 0.46631
69 115 0.74468
69 116 0.66621
69 119 0.07929
70 18 0.14199
70 33 0.22187
70 39 0.06596
70 43 0.17273
70 48 0.8967
70 53 0.92842
70 58 0.30904
70 60 0.56149
70 61 0.93017
70 73 0.19421
70 84 0.42511
70 87 0.89227
70 88 0.99605
70 89 0.10152
70 94 0.1395
70 96 0.82622
70 106 0.92793
70 107 0.16054
70 109 0.79485
70 112 0.18449
70 115 0.96057
70 116 0.20437
70 119 0.57635
71 18 0.76697
71 33 0.36257
71 39 0.84835
71 43 0.11462
71 48 0.1168
71 53 0.47464
71 58 0.43672
71 60 0.61791
71 61 0.25326
71 73 0.2741
71 84 0.84837
71 87 0.95431
71 88 0.08999
71 89 0.5272
71 94 0.41206
71 96 0.77377
71 106 0.87122
71 107 0.4691
71 109 0.73308
71 112 0.00083
71 115 0.59993
71 116 0.13651
71 119 0.53607
74 18 0.38196
74 33 0.48308
74 39 0.05129
74 43 0.28194
74 48 0.75375
74 53 0.80091
74 58 0.56356
74 60 0.39905
74 61 0.43759
74 73 0.60107
74 84 0.68073
74 87 0.3316
74 88 0.49847
74 89 0.31172
74 94 0.61027
74 96 0.35084
74 106 0.39991
74 107 0.89988
74 109 0.44554
74 112 0.79837
74 115 0.34159
74 116 0.8704
74 119 0.0171
76 18 0.19611
76 33 0.40077
76 39 0.71552
76 43 0.78939
76 48 0.05832
76 53 0.13552
76 58 0.5433
76 60 0.18267
76 61 0.98416
76 73 0.47398
76 84 0.21627
76 87 0.74397
76 88 0.7512
76 89 0.38792
76 94 0.70009
76 96 0.35005
76 106 0.70275
76 107 0.59972
76 109 0.87207
76 112 0.33599
76 115 0.58881
76 116 0.84063
76 119 0.74416
78 18 0.81665
78 33 0.44568
78 39 0.07663
78 43 0.137
78 48 0.67727
78 53 0.0906
78 58 0.60768
78 60 0.84865
78 61 0.86392
78 73 0.20218
78 84 0.15019
78 87 0.68996
78 88 0.28214
78 89 0.5311
78 94 0.36363
78 96 0.26909
78 106 0.10898
78 107 0.36788
78 109 0.9668
78 112 0.78407
78 115 0.61056
78 116 0.15033
78 119 0.52467
92 18 0.37491
92 33 0.59604
92 39 0.06507
92 43 0.14105
92 48 0.50131
92 53 0.69822
92 58 0.56865
92 60 0.94943
92 61 0.15473
92 73 0.38003
92 84 0.47511
92 87 0.77796
92 88 0.40411
92 89 0.34457
92 94 0.67518
92 96 0.79821
92 106 0.77536
92 107 0.28892
92 109 0.15491
92 112 0.46641
92 115 0.55234
92 116 0.42778
92 119 0.90539
98 18 0.86975
98 33 0.6244
98 39 0.40609
98 43 0.32005
98 48 0.54259
98 53 0.50232
98 58 0.08577
98 60 0.28227
98 61 0.38414
98 73 0.68698
98 84 0.39599
98 87 0.29675
98 88 0.50421
98 89 0.09943
98 94 0.78145
98 96 0.25855
98 106 0.25168
98 107 0.93576
98 109 0.21927
98 112 0.11787
98 115 0.35849
98 116 0.25473
98 119 0.31826
102 18 0.94544
102 33 0.87581
102 39 0.33065
102 43 0.01375
102 48 0.82159
102 53 0.67271
102 58 0.73241
102 60 0.92371
102 61 0.71747
102 73 0.96806
102 84 0.42427
102 87 0.50245
102 88 0.09686
102 89 0.27141
102 94 0.32117
102 96 0.75764
102 106 0.36611
102 107 0.02213
102 109 0.76574
102 112 0.68774
102 115 0.31448
102 116 0.41691
102 119 0.88492
104 18 0.4017
104 33 0.69472
104 39 0.41847
104 43 0.27621
104 48 0.17936
104 53 0.86804
104 58 0.99135
104 60 0.21002
104 61 0.15039
104 73 0.04875
104 84 0.19237
104 87 0.35873
104 88 0.50104
104 89 0.50591
104 94 0.58494
104 96 0.24276
104 106 0.18643
104 107 0.35672
104 109 0.97474
104 112 0.14204
104 115 0.02227
104 116 0.33788
104 119 0.43093
108 18 0.82261
108 33 0.24853
108 39 0.32883
108 43 0.72554
108 48 0.06327
108 53 0.94649
108 58 0.03056
108 60 0.21353
108 61 0.1973
108 73 0.02166
108 84 0.79758
108 87 0.82858
108 88 0.90047
108 89 0.72305
108 94 0.37485
108 96 0.14163
108 106 0.21555
108 107 0.81882
108 109 0.90846
108 112 0.79041
108 115 0.38114
108 116 0.04312
108 119 0.13838
114 18 0.14674
114 33 0.328
114 39 0.5207
114 43 0.94867
114 48 0.26459
114 53 0.14942
114 58 0.70111
114 60 0.49422
114 61 0.94123
114 73 0.7261
114 84 0.84451
114 87 0.05945
114 88 0.48621
114 89 0.20358
114 94 0.19673
114 96 0.72398
114 106 0.90541
114 107 0.04277
114 109 0.70531
114 112 0.05054
114 115 0.33259
114 116 0.70714
114 119 0.93742
117 18 0.65309
117 33 0.96142
117 39 0.86529
117 43 0.06002
117 48 0.16203
117 53 0.83275
117 58 0.32085
117 60 0.39258
117 61 0.54895
117 73 0.13244
117 84 0.22228
117 87 0.81365
117 88 0.86213
117 89 0.39035
117 94 0.31075
117 96 0.29285
117 106 0.93111
117 107 0.02435
117 109 0.16194
117 112 0.78988
117 115 0.37878
117 116 0.38957
117 119 0.26962
