22 33 0.17103
22 39 0.50333
22 43 0.24528
22 46 0.03216
22 49 0.06529
22 50 0.56458
22 53 0.51723
22 55 0.74057
22 59 0.98222
22 71 0.98573
22 72 0.71885
22 75 0.84623
22 80 0.1962
22 82 0.2102
22 84 0.1547
22 89 0.85142
22 90 0.28503
36 33 0.23274
36 39 0.24716
36 43 0.76281
36 46 0.14851
36 49 0.01512
36 50 0.19752
36 53 0.61295
36 55 0.2965
36 59 0.99763
36 71 0.34983
36 72 0.61511
36 75 0.8719
36 80 0.93572
36 82 0.8341
36 84 0.63713
36 89 0.97019
36 90 0.59211
45 33 0.93606
45 39 0.05415
45 43 0.33782
45 46 0.50988
45 49 0.72604
45 50 0.68393
45 53 0.94594
45 55 0.2204
45 59 0.0346
45 71 0.83506
45 72 0.43448
45 75 0.61935
45 80 0.62239
45 82 0.41193
45 84 0.33739
45 89 0.98706
45 90 0.09636
52 33 0.64284
52 39 0.0447
52 43 0.6843
52 46 0.28628
52 49 0.69297
52 50 0.14855
52 53 0.86827
52 55 0.81149
52 59 0.99551
52 71 0.00587
52 72 0.19337
52 75 0.45449
52 80 0.62177
52 82 0.0912
52 84 0.93778
52 89 0.83797
52 90 0.71215
57 33 0.87698
57 39 0.84307
57 43 0.03406
57 46 0.32641
57 49 0.32056
57 50 0.33032
57 53 0.5839
57 55 0.18493
57 59 0.40922
57 71 0.92954
57 72 0.14963
57 75 0.22535
57 80 0.00202
57 82 0.7024
57 84 0.67945
57 89 0.35265
57 90 0.50469
65 33 0.68907
65 39 0.76748
65 43 0.66184
65 46 0.66671
65 49 0.69976
65 50 0.46588
65 53 0.4
65 55 0.33207
65 59 0.45361
65 71 0.48063
65 72 0.11056
65 75 0.18556
65 80 0.38228
65 82 0.66006
65 84 0.65038
65 89 0.88727
65 90 0.68297
67 33 0.93708
67 39 0.05911
67 43 0.387
67 46 0.19356
67 49 0.01944
67 50 0.71202
67 53 0.19796
67 55 0.1218
67 59 0.05493
67 71 0.86179
67 72 0.21116
67 75 0.91627
67 80 0.40418
67 82 0.7261
67 84 0.38002
67 89 0.97355
67 90 0.52388
81 33 0.35256
81 39 0.33245
81 43 0.9529
81 46 0.35145
81 49 0.52125
81 50 0.55116
81 53 0.28516
81 55 0.56879
81 59 0.08974
81 71 0.24267
81 72 0.09408
81 75 0.85471
81 80 0.94931
81 82 0.28927
81 84 0.49223
81 89 0.52798
81 90 0.17358
86 33 0.08412
86 39 0.09223
86 43 0.86618
86 46 0.77156
86 49 0.47742
86 50 0.07311
86 53 0.41658
86 55 0.31315
86 59 0.48221
86 71 0.70094
86 72 0.2972
86 75 0.65361
86 80 0.70351
86 82 0.07061
86 84 0.32048
86 89 0.14683
86 90 0.80453
