10 9 0.51079
10 19 0.28408
10 23 0.99265
10 24 0.366
10 33 0.41209
10 35 0.64868
10 39 0.90338
11 9 0.03681
11 19 0.07399
11 23 0.70392
11 24 0.71218
11 33 0.05856
11 35 0.44393
11 39 0.83026
12 9 0.52639
12 19 0.42024
12 23 0.27577
12 24 0.67157
12 33 0.22149
12 35 0.15984
12 39 0.7027
22 9 0.86524
22 19 0.2553
22 23 0.16778
22 24 0.59588
22 33 0.44448
22 35 0.47479
22 39 0.37504
30 9 0.14446
30 19 0.39869
30 23 0.33781
30 24 0.87711
30 33 0.97208
30 35 0.33845
30 39 0.7597
31 9 0.42585
31 19 0.13753
31 23 0.76511
31 24 0.71485
31 33 0.46525
31 35 0.64452
31 39 0.11177
36 9 0.34228
36 19 0.81826
36 23 0.08838
36 24 0.8682
36 33 0.37492
36 35 0.47355
36 39 0.67702
38 9 0.86902
38 19 0.83031
38 23 0.2938
38 24 0.60394
38 33 0.72205
38 35 0.80835
38 39 0.7694
