39 19 0.56317
39 22 0.05736
39 27 0.26051
39 28 0.63393
39 35 0.9604
39 58 0.21462
39 61 0.35151
39 62 0.11646
39 66 0.66724
39 69 0.26206
39 70 0.06895
39 73 0.47061
39 76 0.30552
39 79 0.91658
39 85 0.41882
39 88 0.28348
39 89 0.28506
39 91 0.73395
39 103 0.43943
39 109 0.72041
39 110 0.73544
39 114 0.23947
39 116 0.93278
39 119 0.9916
39 136 0.5413
39 138 0.31389
41 19 0.13114
41 22 0.37812
41 27 0.98858
41 28 0.93085
41 35 0.57266
41 58 0.23864
41 61 0.4742
41 62 0.55184
41 66 0.15609
41 69 0.34322
41 70 0.55996
41 73 0.05838
41 76 0.43341
41 79 0.43244
41 85 0.78294
41 88 0.63729
41 89 0.15868
41 91 0.14507
41 103 0.52968
41 109 0.39865
41 110 0.6687
41 114 0.65154
41 116 0.92927
41 119 0.04155
41 136 0.28014
41 138 0.0588
42 19 0.286
42 22 0.08692
42 27 0.93424
42 28 0.54307
42 35 0.50928
42 58 0.15377
42 61 0.99873
42 62 0.8823
42 66 0.55318
42 69 0.92744
42 70 0.26131
42 73 0.54867
42 76 0.91691
42 79 0.74575
42 85 0.24258
42 88 0.85579
42 89 0.29844
42 91 0.52909
42 103 0.79445
42 109 0.201
42 110 0.10903
42 114 0.29904
42 116 0.06187
42 119 0.02154
42 136 0.87899
42 138 0.69177
45 19 0.07213
45 22 0.86321
45 27 0.52655
45 28 0.78014
45 35 0.26189
45 58 0.94548
45 61 0.28367
45 62 0.60914
45 66 0.94847
45 69 0.02352
45 70 0.57563
45 73 0.72809
45 76 0.51408
45 79 0.14936
45 85 0.63926
45 88 0.33594
45 89 0.04568
45 91 0.58208
45 103 0.65771
45 109 0.15933
45 110 0.4704
45 114 0.76581
45 116 0.48872
45 119 0.27238
45 136 0.63828
45 138 0.06617
46 19 0.73601
46 22 0.99894
46 27 0.22757
46 28 0.03502
46 35 0.71894
46 58 0.86172
46 61 0.47058
46 62 0.71254
46 66 0.55414
46 69 0.71125
46 70 0.58261
46 73 0.2322
46 76 0.16099
46 79 0.449
46 85 0.30912
46 88 0.53235
46 89 0.71479
46 91 0.23807
46 103 0.22843
46 109 0.55457
46 110 0.85036
46 114 0.67414
46 116 0.56759
46 119 0.88594
46 136 0.01531
46 138 0.99767
48 19 0.68092
48 22 0.44193
48 27 0.75653
48 28 0.98322
48 35 0.15396
48 58 0.38311
48 61 0.50696
48 62 0.0505
48 66 0.74653
48 69 0.25942
48 70 0.56609
48 73 0.09948
48 76 0.10619
48 79 0.55602
48 85 0.35545
48 88 0.69909
48 89 0.63468
48 91 0.25443
48 103 0.33648
48 109 0.66508
48 110 0.73958
48 114 0.1329
48 116 0.83889
48 119 0.076
48 136 0.6304
48 138 0.46618
49 19 0.23068
49 22 0.32237
49 27 0.18084
49 28 0.7854
49 35 0.51485
49 58 0.44555
49 61 0.01879
49 62 0.26925
49 66 0.98049
49 69 0.53325
49 70 0.81612
49 73 0.30375
49 76 0.98258
49 79 0.49075
49 85 0.85323
49 88 0.66253
49 89 0.74453
49 91 0.45764
49 103 0.31834
49 109 0.62804
49 110 0.3664
49 114 0.13429
49 116 0.27772
49 119 0.33547
49 136 0.54907
49 138 0.20484
50 19 0.83244
50 22 0.7517
50 27 0.77138
50 28 0.04281
50 35 0.91673
50 58 0.33432
50 61 0.37705
50 62 0.22179
50 66 0.62738
50 69 0.36856
50 70 0.39653
50 73 0.22096
50 76 0.27722
50 79 0.0528
50 85 0.32857
50 88 0.22177
50 89 0.0124
50 91 0.64667
50 103 0.18732
50 109 0.16011
50 110 0.25688
50 114 0.65404
50 116 0.26557
50 119 0.74765
50 136 0.87504
50 138 0.49612
59 19 0.34559
59 22 0.14273
59 27 0.4092
59 28 0.87617
59 35 0.61331
59 58 0.92778
59 61 0.38759
59 62 0.68641
59 66 0.73956
59 69 0.68514
59 70 0.04924
59 73 0.66459
59 76 0.86889
59 79 0.80713
59 85 0.3304
59 88 0.13831
59 89 0.2341
59 91 0.46476
59 103 0.14035
59 109 0.66699
59 110 0.16582
59 114 0.41791
59 116 0.68764
59 119 0.60055
59 136 0.20048
59 138 0.69111
74 19 0.47035
74 22 0.02023
74 27 0.97012
74 28 0.14001
74 35 0.63228
74 58 0.16848
74 61 0.4093
74 62 0.78612
74 66 0.85537
74 69 0.96788
74 70 0.23157
74 73 0.86961
74 76 0.3148
74 79 0.38357
74 85 0.41484
74 88 0.06306
74 89 0.37106
74 91 0.34429
74 103 0.36811
74 109 0.29817
74 110 0.43798
74 114 0.96786
74 116 0.94604
74 119 0.33696
74 136 0.25077
74 138 0.02339
75 19 0.70229
75 22 0.44273
75 27 0.78865
75 28 0.85841
75 35 0.88102
75 58 0.14206
75 61 0.54858
75 62 0.75538
75 66 0.91954
75 69 0.95644
75 70 0.88186
75 73 0.05079
75 76 0.4234
75 79 0.58609
75 85 0.64618
75 88 0.58071
75 89 0.9462
75 91 0.33783
75 103 0.59717
75 109 0.89779
75 110 0.09654
75 114 0.46652
75 116 0.93135
75 119 0.07533
75 136 0.93968
75 138 0.97951
78 19 0.7785
78 22 0.15692
78 27 0.4148
78 28 0.26117
78 35 0.06763
78 58 0.19196
78 61 0.31726
78 62 0.16658
78 66 0.84726
78 69 0.13254
78 70 0.01395
78 73 0.89368
78 76 0.49067
78 79 0.69137
78 85 0.56736
78 88 0.94604
78 89 0.69192
78 91 0.39196
78 103 0.85608
78 109 0.02522
78 110 0.24094
78 114 0.05029
78 116 0.35563
78 119 0.01811
78 136 0.07891
78 138 0.60006
81 19 0.81262
81 22 0.12524
81 27 0.30461
81 28 0.62714
81 35 0.28166
81 58 0.00589
81 61 0.15885
81 62 0.69326
81 66 0.39738
81 69 0.54428
81 70 0.2664
81 73 0.96091
81 76 0.92762
81 79 0.01914
81 85 0.81166
81 88 0.66748
81 89 0.61835
81 91 0.42532
81 103 0.79283
81 109 0.32322
81 110 0.90747
81 114 0.8775
81 116 0.43285
81 119 0.88939
81 136 0.39054
81 138 0.83355
84 19 0.9501
84 22 0.85159
84 27 0.66871
84 28 0.2591
84 35 0.98038
84 58 0.07579
84 61 0.88713
84 62 0.36075
84 66 0.60742
84 69 0.2884
84 70 0.16173
84 73 0.98544
84 76 0.54654
84 79 0.04135
84 85 0.94285
84 88 0.58939
84 89 0.37563
84 91 0.59185
84 103 0.13812
84 109 0.4317
84 110 0.44378
84 114 0.41571
84 116 0.63241
84 119 0.41408
84 136 0.7047
84 138 0.60576
90 19 0.81162
90 22 0.50997
90 27 0.22261
90 28 0.60061
90 35 0.3711
90 58 0.04246
90 61 0.90426
90 62 0.93029
90 66 0.40711
90 69 0.56741
90 70 0.72819
90 73 0.41039
90 76 0.96438
90 79 0.17706
90 85 0.45477
90 88 0.36141
90 89 0.73989
90 91 0.46173
90 103 0.15863
90 109 0.30584
90 110 0.0565
90 114 0.82707
90 116 0.11181
90 119 0.03055
90 136 0.67052
90 138 0.87257
92 19 0.04284
92 22 0.52151
92 27 0.00293
92 28 0.94579
92 35 0.7738
92 58 0.04567
92 61 0.04133
92 62 0.58061
92 66 0.51325
92 69 0.52689
92 70 0.37989
92 73 0.37794
92 76 0.51379
92 79 0.19429
92 85 0.54069
92 88 0.35139
92 89 0.80628
92 91 0.60599
92 103 0.29355
92 109 0.78841
92 110 0.36568
92 114 0.34351
92 116 0.00476
92 119 0.41309
92 136 0.07337
92 138 0.13165
95 19 0.43955
95 22 0.53655
95 27 0.56146
95 28 0.71239
95 35 0.95458
95 58 0.34606
95 61 0.14789
95 62 0.14632
95 66 0.3344
95 69 0.15903
95 70 0.51568
95 73 0.06371
95 76 0.86346
95 79 0.69665
95 85 0.07934
95 88 0.63326
95 89 0.60882
95 91 0.84685
95 103 0.7304
95 109 0.64611
95 110 0.33391
95 114 0.02046
95 116 0.95386
95 119 0.03915
95 136 0.35582
95 138 0.51565
98 19 0.41698
98 22 0.97191
98 27 0.04338
98 28 0.45042
98 35 0.49795
98 58 0.34847
98 61 0.66422
98 62 0.08561
98 66 0.73726
98 69 0.15114
98 70 0.37276
98 73 0.34485
98 76 0.1114
98 79 0.3319
98 85 0.85963
98 88 0.46038
98 89 0.72569
98 91 0.36972
98 103 0.29317
98 109 0.45438
98 110 0.93983
98 114 0.62555
98 116 0.1531
98 119 0.87405
98 136 0.36776
98 138 0.94767
99 19 0.41724
99 22 0.8608
99 27 0.38451
99 28 0.92461
99 35 0.89498
99 58 0.1042
99 61 0.50591
99 62 0.4967
99 66 0.94641
99 69 0.13781
99 70 0.28694
99 73 0.22766
99 76 0.0814
99 79 0.33946
99 85 0.34866
99 88 0.1281
99 89 0.60032
99 91 0.73621
99 103 0.44966
99 109 0.59906
99 110 0.11966
99 114 0.82594
99 116 0.86009
99 119 0.04859
99 136 0.16129
99 138 0.01631
106 19 0.95487
106 22 0.34447
106 27 0.39652
106 28 0.36277
106 35 0.96597
106 58 0.06259
106 61 0.79292
106 62 0.29176
106 66 0.2093
106 69 0.11262
106 70 0.20602
106 73 0.43594
106 76 0.76288
106 79 0.6757
106 85 0.07462
106 88 0.48721
106 89 0.11466
106 91 0.83881
106 103 0.38251
106 109 0.00932
106 110 0.93676
106 114 0.24944
106 116 0.68014
106 119 0.67543
106 136 0.68183
106 138 0.94773
112 19 0.88565
112 22 0.54877
112 27 0.1243
112 28 0.95746
112 35 0.90347
112 58 0.16479
112 61 0.54651
112 62 0.39068
112 66 0.02362
112 69 0.82697
112 70 0.95797
112 73 0.75989
112 76 0.9287
112 79 0.64036
112 85 0.94756
112 88 0.30795
112 89 0.63393
112 91 0.93202
112 103 0.49109
112 109 0.08673
112 110 0.18918
112 114 0.10996
112 116 0.68543
112 119 0.7765
112 136 0.53975
112 138 0.33899
120 19 0.63329
120 22 0.47252
120 27 0.02328
120 28 0.66337
120 35 0.91839
120 58 0.79314
120 61 0.25332
120 62 0.50877
120 66 0.43137
120 69 0.5876
120 70 0.67324
120 73 0.53002
120 76 0.96743
120 79 0.35021
120 85 0.14736
120 88 0.99422
120 89 0.82328
120 91 0.99268
120 103 0.39271
120 109 0.21562
120 110 0.76865
120 114 0.08436
120 116 0.41871
120 119 0.87045
120 136 0.51262
120 138 0.46944
121 19 0.47858
121 22 0.00858
121 27 0.67461
121 28 0.88979
121 35 0.01288
121 58 0.43457
121 61 0.89173
121 62 0.28491
121 66 0.56037
121 69 0.24066
121 70 0.623
121 73 0.49943
121 76 0.56955
121 79 0.92732
121 85 0.8984
121 88 0.31073
121 89 0.84209
121 91 0.5492
121 103 0.42122
121 109 0.8243
121 110 0.35542
121 114 0.88392
121 116 0.9475
121 119 0.51875
121 136 0.95345
121 138 0.59509
134 19 0.16621
134 22 0.90946
134 27 0.30469
134 28 0.1509
134 35 0.59465
134 58 0.13417
134 61 0.76813
134 62 0.89511
134 66 0.17491
134 69 0.06482
134 70 0.31146
134 73 0.65269
134 76 0.07553
134 79 0.94981
134 85 0.42749
134 88 0.76821
134 89 0.46584
134 91 0.87078
134 103 0.33099
134 109 0.09605
134 110 0.16838
134 114 0.5906
134 116 0.23729
134 119 0.86473
134 136 0.96826
134 138 0.73371
