39 19 0.27004
39 22 0.55658
39 27 0.87039
39 28 0.55788
39 35 0.77136
39 58 0.68181
39 61 0.32247
39 62 0.69467
39 66 0.5181
39 69 0.9829
39 70 0.84711
39 73 0.61866
39 79 0.81053
39 85 0.13914
39 88 0.78679
39 89 0.35992
39 91 0.06465
39 103 0.15014
39 109 0.12707
39 110 0.71355
39 114 0.09596
39 116 0.95544
39 119 0.14984
39 136 0.35934
39 138 0.21013
39 148 0.82833
41 19 0.31495
41 22 0.77581
41 27 0.25177
41 28 0.09363
41 35 0.04914
41 58 0.35383
41 61 0.6039
41 62 0.93541
41 66 0.23136
41 69 0.05653
41 70 0.7554
41 73 0.4199
41 79 0.71888
41 85 0.73276
41 88 0.90191
41 89 0.40495
41 91 0.6516
41 103 0.68987
41 109 0.69359
41 110 0.48762
41 114 0.86992
41 116 0.12223
41 119 0.91722
41 136 0.70445
41 138 0.78913
41 148 0.70809
42 19 0.23984
42 22 0.43841
42 27 0.8155
42 28 0.60103
42 35 0.47855
42 58 0.81656
42 61 0.24291
42 62 0.81733
42 66 0.3292
42 69 0.61303
42 70 0.20069
42 73 0.00224
42 79 0.92928
42 85 0.30114
42 88 0.71951
42 89 0.84185
42 91 0.35787
42 103 0.63867
42 109 0.96533
42 110 0.74418
42 114 0.1893
42 116 0.33754
42 119 0.78209
42 136 0.98948
42 138 0.04311
42 148 0.45532
45 19 0.18597
45 22 0.827
45 27 0.45714
45 28 0.06512
45 35 0.90554
45 58 0.05429
45 61 0.24032
45 62 0.51033
45 66 0.22897
45 69 0.05594
45 70 0.57146
45 73 0.61702
45 79 0.94471
45 85 0.71696
45 88 0.40047
45 89 0.09841
45 91 0.34669
45 103 0.92458
45 109 0.80265
45 110 0.83315
45 114 0.04035
45 116 0.08325
45 119 0.64895
45 136 0.70413
45 138 0.6987
45 148 0.53645
48 19 0.73664
48 22 0.10669
48 27 0.72938
48 28 0.18672
48 35 0.61193
48 58 0.69975
48 61 0.86546
48 62 0.70443
48 66 0.79638
48 69 0.30578
48 70 0.16874
48 73 0.77838
48 79 0.69526
48 85 0.10882
48 88 0.95435
48 89 0.47062
48 91 0.61928
48 103 0.37856
48 109 0.25372
48 110 0.19298
48 114 0.89938
48 116 0.4054
48 119 0.18517
48 136 0.43875
48 138 0.5631
48 148 0.93546
49 19 0.60914
49 22 0.86778
49 27 0.53383
49 28 0.29743
49 35 0.57769
49 58 0.69324
49 61 0.02113
49 62 0.7642
49 66 0.90159
49 69 0.34202
49 70 0.4787
49 73 0.29335
49 79 0.26603
49 85 0.41395
49 88 0.90047
49 89 0.0553
49 91 0.3135
49 103 0.25133
49 109 0.98823
49 110 0.61902
49 114 0.55975
49 116 0.17019
49 119 0.51744
49 136 0.81842
49 138 0.47352
49 148 0.44639
50 19 0.93039
50 22 0.22203
50 27 0.23297
50 28 0.51712
50 35 0.81107
50 58 0.86495
50 61 0.52231
50 62 0.85656
50 66 0.5509
50 69 0.32027
50 70 0.20125
50 73 0.27112
50 79 0.04108
50 85 0.427
50 88 0.48667
50 89 0.67311
50 91 0.15807
50 103 0.80845
50 109 0.99339
50 110 0.1079
50 114 0.16037
50 116 0.15915
50 119 0.6152
50 136 0.94422
50 138 0.84557
50 148 0.33127
59 19 0.1959
59 22 0.62576
59 27 0.57504
59 28 0.1507
59 35 0.6086
59 58 0.37267
59 61 0.95503
59 62 0.75413
59 66 0.63997
59 69 0.53654
59 70 0.09119
59 73 0.03394
59 79 0.58078
59 85 0.02293
59 88 0.68915
59 89 0.30342
59 91 0.87056
59 103 0.01486
59 109 0.74024
59 110 0.3042
59 114 0.08706
59 116 0.23016
59 119 0.74466
59 136 0.03306
59 138 0.5012
59 148 0.14414
74 19 0.21658
74 22 0.38387
74 27 0.1197
74 28 0.44687
74 35 0.51761
74 58 0.10012
74 61 0.2188
74 62 0.19598
74 66 0.00108
74 69 0.91184
74 70 0.61765
74 73 0.77647
74 79 0.33612
74 85 0.50129
74 88 0.23828
74 89 0.78312
74 91 0.82723
74 103 0.22432
74 109 0.42348
74 110 0.96814
74 114 0.33096
74 116 0.93793
74 119 0.45574
74 136 0.72983
74 138 0.44811
74 148 0.79565
75 19 0.37312
75 22 0.17745
75 27 0.45314
75 28 0.2803
75 35 0.20473
75 58 0.68045
75 61 0.51767
75 62 0.22118
75 66 0.95143
75 69 0.23783
75 70 0.49129
75 73 0.82103
75 79 0.06276
75 85 0.4963
75 88 0.37976
75 89 0.62548
75 91 0.97815
75 103 0.96909
75 109 0.76936
75 110 0.4082
75 114 0.3352
75 116 0.87822
75 119 0.31413
75 136 0.96854
75 138 0.90184
75 148 0.65755
78 19 0.68617
78 22 0.88857
78 27 0.57072
78 28 0.92526
78 35 0.8665
78 58 0.46453
78 61 0.8341
78 62 0.30464
78 66 0.38336
78 69 0.53099
78 70 0.67246
78 73 0.25204
78 79 0.88949
78 85 0.19152
78 88 0.32772
78 89 0.60309
78 91 0.6448
78 103 0.40665
78 109 0.7941
78 110 0.09514
78 114 0.4573
78 116 0.77541
78 119 0.99671
78 136 0.67372
78 138 0.79471
78 148 0.17747
81 19 0.36864
81 22 0.51288
81 27 0.33418
81 28 0.22307
81 35 0.27873
81 58 0.44505
81 61 0.05331
81 62 0.14583
81 66 0.62129
81 69 0.32753
81 70 0.7709
81 73 0.32731
81 79 0.69531
81 85 0.16874
81 88 0.54246
81 89 0.06333
81 91 0.71322
81 103 0.0089
81 109 0.23781
81 110 0.91301
81 114 0.67482
81 116 0.76696
81 119 0.07399
81 136 0.7625
81 138 0.69127
81 148 0.01382
84 19 0.81
84 22 0.15688
84 27 0.65351
84 28 0.13505
84 35 0.56977
84 58 0.37007
84 61 0.75816
84 62 0.9476
84 66 0.0611
84 69 0.187
84 70 0.07178
84 73 0.97452
84 79 0.64806
84 85 0.88713
84 88 0.84856
84 89 0.2361
84 91 0.323
84 103 0.77015
84 109 0.23737
84 110 0.20352
84 114 0.25042
84 116 0.40124
84 119 0.93757
84 136 0.63676
84 138 0.3193
84 148 0.51537
90 19 0.50026
90 22 0.74615
90 27 0.90767
90 28 0.2321
90 35 0.07635
90 58 0.30482
90 61 0.6545
90 62 0.36022
90 66 0.79624
90 69 0.842
90 70 0.78162
90 73 0.83838
90 79 0.18096
90 85 0.18283
90 88 0.94283
90 89 0.66368
90 91 0.69082
90 103 0.36179
90 109 0.49788
90 110 0.62747
90 114 0.94222
90 116 0.67078
90 119 0.36122
90 136 0.43956
90 138 0.96194
90 148 0.87712
92 19 0.76369
92 22 0.89164
92 27 0.11217
92 28 0.69083
92 35 0.39085
92 58 0.28112
92 61 0.6481
92 62 0.53986
92 66 0.70967
92 69 0.39851
92 70 0.17898
92 73 0.44773
92 79 0.75798
92 85 0.3948
92 88 0.1289
92 89 0.34463
92 91 0.92772
92 103 0.53675
92 109 0.57958
92 110 0.69461
92 114 0.43933
92 116 0.23016
92 119 0.87754
92 136 0.54592
92 138 0.0012
92 148 0.92049
95 19 0.23172
95 22 0.9448
95 27 0.31933
95 28 0.5286
95 35 0.00083
95 58 0.82606
95 61 0.88059
95 62 0.6347
95 66 0.62097
95 69 0.10398
95 70 0.00979
95 73 0.49109
95 79 0.64832
95 85 0.08148
95 88 0.22807
95 89 0.69577
95 91 0.83185
95 103 0.88847
95 109 0.82326
95 110 0.54847
95 114 0.29295
95 116 0.232
95 119 0.6187
95 136 0.65079
95 138 0.83288
95 148 0.4638
98 19 0.60019
98 22 0.03397
98 27 0.99001
98 28 0.89934
98 35 0.22331
98 58 0.8047
98 61 0.01583
98 62 0.98487
98 66 0.42928
98 69 0.76146
98 70 0.0121
98 73 0.69506
98 79 0.08632
98 85 0.01405
98 88 0.52123
98 89 0.72242
98 91 0.09745
98 103 0.92374
98 109 0.24029
98 110 0.66923
98 114 0.35212
98 116 0.05233
98 119 0.42647
98 136 0.88971
98 138 0.48604
98 148 0.68654
99 19 0.8875
99 22 0.56257
99 27 0.0522
99 28 0.20045
99 35 0.64912
99 58 0.98823
99 61 0.16425
99 62 0.58403
99 66 0.19789
99 69 0.33284
99 70 0.34222
99 73 0.36212
99 79 0.43527
99 85 0.10581
99 88 0.63603
99 89 0.47471
99 91 0.7672
99 103 0.68027
99 109 0.9384
99 110 0.9586
99 114 0.51406
99 116 0.99565
99 119 0.33141
99 136 0.21916
99 138 0.56916
99 148 0.25785
106 19 0.39772
106 22 0.09782
106 27 0.46857
106 28 0.10596
106 35 0.95173
106 58 0.01924
106 61 0.70431
106 62 0.68739
106 66 0.15437
106 69 0.24643
106 70 0.50958
106 73 0.23417
106 79 0.86114
106 85 0.06363
106 88 0.72406
106 89 0.64442
106 91 0.63527
106 103 0.66961
106 109 0.70441
106 110 0.72122
106 114 0.81919
106 116 0.08989
106 119 0.71686
106 136 0.4526
106 138 0.94608
106 148 0.78909
112 19 0.72997
112 22 0.13026
112 27 0.61673
112 28 0.23085
112 35 0.68635
112 58 0.56941
112 61 0.66151
112 62 0.99572
112 66 0.49182
112 69 0.28813
112 70 0.63974
112 73 0.37894
112 79 0.07413
112 85 0.44039
112 88 0.13362
112 89 0.90354
112 91 0.80801
112 103 0.71195
112 109 0.02142
112 110 0.37627
112 114 0.24313
112 116 0.29607
112 119 0.61699
112 136 0.61896
112 138 0.55028
112 148 0.15865
120 19 0.4504
120 22 0.4859
120 27 0.40356
120 28 0.68547
120 35 0.21888
120 58 0.30585
120 61 0.38891
120 62 0.64773
120 66 0.12536
120 69 0.23491
120 70 0.60224
120 73 0.31657
120 79 0.0442
120 85 0.12896
120 88 0.32186
120 89 0.49708
120 91 0.94532
120 103 0.27268
120 109 0.72339
120 110 0.17606
120 114 0.41143
120 116 0.70917
120 119 0.5001
120 136 0.60323
120 138 0.0247
120 148 0.40494
121 19 0.64096
121 22 0.9052
121 27 0.77993
121 28 0.03535
121 35 0.74984
121 58 0.80654
121 61 0.27407
121 62 0.32859
121 66 0.61864
121 69 0.37034
121 70 0.05954
121 73 0.00753
121 79 0.53499
121 85 0.79805
121 88 0.64034
121 89 0.09459
121 91 0.63412
121 103 0.58055
121 109 0.6603
121 110 0.14411
121 114 0.87365
121 116 0.50738
121 119 0.089
121 136 0.15451
121 138 0.57034
121 148 0.62119
134 19 0.58257
134 22 0.11927
134 27 0.07874
134 28 0.0162
134 35 0.52422
134 58 0.87883
134 61 0.70296
134 62 0.20031
134 66 0.26552
134 69 0.53552
134 70 0.38715
134 73 0.70174
134 79 0.90035
134 85 0.74818
134 88 0.87836
134 89 0.39556
134 91 0.5998
134 103 0.92006
134 109 0.66951
134 110 0.95702
134 114 0.52338
134 116 0.94134
134 119 0.4901
134 136 0.88165
134 138 0.22972
134 148 0.07226
144 19 0.89095
144 22 0.45498
144 27 0.40802
144 28 0.53626
144 35 0.87151
144 58 0.5191
144 61 0.42229
144 62 0.93578
144 66 0.96831
144 69 0.53015
144 70 0.33676
144 73 0.70194
144 79 0.38077
144 85 0.23243
144 88 0.01986
144 89 0.65226
144 91 0.56591
144 103 0.39362
144 109 0.11648
144 110 0.38326
144 114 0.27394
144 116 0.70963
144 119 0.49977
144 136 0.14809
144 138 0.05399
144 148 0.37746
145 19 0.55684
145 22 0.67221
145 27 0.41982
145 28 0.54236
145 35 0.63161
145 58 0.68984
145 61 0.53159
145 62 0.37216
145 66 0.35913
145 69 0.09729
145 70 0.64297
145 73 0.4045
145 79 0.92954
145 85 0.48858
145 88 0.37415
145 89 0.26199
145 91 0.40582
145 103 0.83368
145 109 0.20219
145 110 0.27809
145 114 0.85939
145 116 0.80812
145 119 0.41813
145 136 0.87757
145 138 0.85602
145 148 0.14112
150 19 0.68319
150 22 0.10563
150 27 0.2731
150 28 0.12324
150 35 0.74163
150 58 0.79468
150 61 0.03595
150 62 0.14335
150 66 0.12553
150 69 0.99891
150 70 0.55783
150 73 0.90191
150 79 0.22566
150 85 0.44739
150 88 0.02302
150 89 0.18344
150 91 0.64644
150 103 0.09088
150 109 0.45229
150 110 0.37578
150 114 0.89366
150 116 0.17399
150 119 0.90536
150 136 0.39265
150 138 0.75866
150 148 0.57541
