22 39 0.73086
22 43 0.78279
22 46 0.09503
22 50 0.73546
22 53 0.40558
22 55 0.52716
22 59 0.34556
22 71 0.2529
22 75 0.02597
22 80 0.31242
22 82 0.59979
22 84 0.29461
22 89 0.77963
22 90 0.94076
22 101 0.66508
22 105 0.10352
22 111 0.40011
22 113 0.08457
22 115 0.18532
22 116 0.47908
22 121 0.00974
22 131 0.30113
22 132 0.48069
22 135 0.43178
22 137 0.99149
45 39 0.63245
45 43 0.89168
45 46 0.09007
45 50 0.20279
45 53 0.00707
45 55 0.26897
45 59 0.94144
45 71 0.95943
45 75 0.17119
45 80 0.78036
45 82 0.14664
45 84 0.42036
45 89 0.27654
45 90 0.53411
45 101 0.90113
45 105 0.76498
45 111 0.60428
45 113 0.60709
45 115 0.20181
45 116 0.86532
45 121 0.51675
45 131 0.82572
45 132 0.07707
45 135 0.11416
45 137 0.36359
52 39 0.46252
52 43 0.32151
52 46 0.9332
52 50 0.4196
52 53 0.99872
52 55 0.75588
52 59 0.96905
52 71 0.12292
52 75 0.17669
52 80 0.12107
52 82 0.42563
52 84 0.84927
52 89 0.10698
52 90 0.81559
52 101 0.0619
52 105 0.80485
52 111 0.79462
52 113 0.81072
52 115 0.35669
52 116 0.71632
52 121 0.1234
52 131 0.96986
52 132 0.56337
52 135 0.40411
52 137 0.60714
57 39 0.02791
57 43 0.47622
57 46 0.43303
57 50 0.25586
57 53 0.72344
57 55 0.55212
57 59 0.65552
57 71 0.84672
57 75 0.02931
57 80 0.47417
57 82 0.51059
57 84 0.11921
57 89 0.69376
57 90 0.94137
57 101 0.24786
57 105 0.54147
57 111 0.75557
57 113 0.91535
57 115 0.21928
57 116 0.29308
57 121 0.88674
57 131 0.75123
57 132 0.50704
57 135 0.72431
57 137 0.80566
67 39 0.62014
67 43 0.29943
67 46 0.25955
67 50 0.00098
67 53 0.70445
67 55 0.15065
67 59 0.81314
67 71 0.64579
67 75 0.59839
67 80 0.97338
67 82 0.1678
67 84 0.09376
67 89 0.2209
67 90 0.01933
67 101 0.06955
67 105 0.45125
67 111 0.01388
67 113 0.40657
67 115 0.79671
67 116 0.31262
67 121 0.76264
67 131 0.29587
67 132 0.51559
67 135 0.92374
67 137 0.56521
81 39 0.70583
81 43 0.43465
81 46 0.47878
81 50 0.77815
81 53 0.82376
81 55 0.93346
81 59 0.9491
81 71 0.51451
81 75 0.42357
81 80 0.61742
81 82 0.11146
81 84 0.18905
81 89 0.7768
81 90 0.03968
81 101 0.21534
81 105 0.9028
81 111 0.40849
81 113 0.87525
81 115 0.36732
81 116 0.19904
81 121 0.39964
81 131 0.92959
81 132 0.87802
81 135 0.45164
81 137 0.08008
86 39 0.85705
86 43 0.15953
86 46 0.79305
86 50 0.10236
86 53 0.73746
86 55 0.00608
86 59 0.68538
86 71 0.06598
86 75 0.98964
86 80 0.70174
86 82 0.64866
86 84 0.03611
86 89 0.34375
86 90 0.87856
86 101 0.35645
86 105 0.57046
86 111 0.05238
86 113 0.04906
86 115 0.30504
86 116 0.95467
86 121 0.31599
86 131 0.23349
86 132 0.65272
86 135 0.70302
86 137 0.51391
98 39 0.96352
98 43 0.03362
98 46 0.08157
98 50 0.75988
98 53 0.57523
98 55 0.22317
98 59 0.28182
98 71 0.89158
98 75 0.21083
98 80 0.63277
98 82 0.16577
98 84 0.01577
98 89 0.76649
98 90 0.87173
98 101 0.83197
98 105 0.01291
98 111 0.92637
98 113 0.22283
98 115 0.18201
98 116 0.45853
98 121 0.7494
98 131 0.7334
98 132 0.23517
98 135 0.73066
98 137 0.28862
106 39 0.40889
106 43 0.54513
106 46 0.54964
106 50 0.63764
106 53 0.87877
106 55 0.10439
106 59 0.15929
106 71 0.07761
106 75 0.95208
106 80 0.76491
106 82 0.66214
106 84 0.64114
106 89 0.52297
106 90 0.42801
106 101 0.13222
106 105 0.65177
106 111 0.85887
106 113 0.05254
106 115 0.95078
106 116 0.5722
106 121 0.54155
106 131 0.8955
106 132 0.53532
106 135 0.39246
106 137 0.73502
108 39 0.17318
108 43 0.06949
108 46 0.90742
108 50 0.37404
108 53 0.27633
108 55 0.36727
108 59 0.33997
108 71 0.08553
108 75 0.32199
108 80 0.41696
108 82 0.49679
108 84 0.24226
108 89 0.35073
108 90 0.41879
108 101 0.37851
108 105 0.41711
108 111 0.38477
108 113 0.55616
108 115 0.89852
108 116 0.67196
108 121 0.80413
108 131 0.22968
108 132 0.54142
108 135 0.35884
108 137 0.53374
109 39 0.58118
109 43 0.50084
109 46 0.07823
109 50 0.14798
109 53 0.59867
109 55 0.07323
109 59 0.79796
109 71 0.70015
109 75 0.51184
109 80 0.52059
109 82 0.11748
109 84 0.25571
109 89 0.26623
109 90 0.41224
109 101 0.66919
109 105 0.2557
109 111 0.52471
109 113 0.44873
109 115 0.99457
109 116 0.55537
109 121 0.77161
109 131 0.38919
109 132 0.67593
109 135 0.23965
109 137 0.01702
112 39 0.91871
112 43 0.50207
112 46 0.00032
112 50 0.3895
112 53 0.49568
112 55 0.96971
112 59 0.16742
112 71 0.40784
112 75 0.53597
112 80 0.65123
112 82 0.914
112 84 0.5594
112 89 0.90094
112 90 0.51956
112 101 0.61484
112 105 0.06417
112 111 0.56349
112 113 0.86606
112 115 0.82302
112 116 0.57034
112 121 0.05317
112 131 0.42932
112 132 0.50803
112 135 0.72099
112 137 0.03876
117 39 0.19624
117 43 0.19739
117 46 0.57157
117 50 0.73851
117 53 0.9354
117 55 0.30151
117 59 0.59665
117 71 0.95566
117 75 0.78255
117 80 0.38128
117 82 0.22238
117 84 0.30294
117 89 0.19066
117 90 0.32542
117 101 0.17222
117 105 0.29113
117 111 0.68922
117 113 0.91873
117 115 0.09533
117 116 0.05973
117 121 0.10654
117 131 0.57992
117 132 0.97612
117 135 0.18987
117 137 0.85637
122 39 0.92174
122 43 0.16398
122 46 0.67698
122 50 0.60114
122 53 0.29151
122 55 0.04465
122 59 0.50224
122 71 0.31127
122 75 0.55602
122 80 0.82676
122 82 0.05798
122 84 0.85059
122 89 0.3584
122 90 0.69839
122 101 0.27683
122 105 0.04013
122 111 0.92967
122 113 0.9325
122 115 0.14272
122 116 0.44358
122 121 0.04941
122 131 0.64741
122 132 0.04471
122 135 0.9863
122 137 0.61234
124 39 0.00287
124 43 0.17761
124 46 0.52609
124 50 0.95951
124 53 0.29189
124 55 0.76397
124 59 0.74065
124 71 0.58284
124 75 0.40024
124 80 0.93156
124 82 0.06202
124 84 0.90466
124 89 0.00509
124 90 0.17201
124 101 0.27825
124 105 0.06809
124 111 0.08958
124 113 0.92575
124 115 0.64754
124 116 0.55842
124 121 0.46952
124 131 0.30086
124 132 0.11598
124 135 0.05259
124 137 0.05106
128 39 0.65815
128 43 0.78631
128 46 0.51554
128 50 0.23245
128 53 0.26754
128 55 0.27757
128 59 0.09951
128 71 0.13809
128 75 0.31562
128 80 0.12604
128 82 0.2834
128 84 0.72572
128 89 0.03344
128 90 0.43801
128 101 0.01008
128 105 0.84111
128 111 0.96962
128 113 0.64207
128 115 0.04486
128 116 0.04669
128 121 0.44682
128 131 0.7926
128 132 0.33848
128 135 0.48804
128 137 0.7045
133 39 0.57775
133 43 0.576
133 46 0.5355
133 50 0.63355
133 53 0.78564
133 55 0.355
133 59 0.4213
133 71 0.79329
133 75 0.30193
133 80 0.14637
133 82 0.06399
133 84 0.82104
133 89 0.08035
133 90 0.13035
133 101 0.08118
133 105 0.95388
133 111 0.76758
133 113 0.52416
133 115 0.52321
133 116 0.97511
133 121 0.65599
133 131 0.86053
133 132 0.92226
133 135 0.11213
133 137 0.94006
139 39 0.9859
139 43 0.28698
139 46 0.07099
139 50 0.64541
139 53 0.07902
139 55 0.32041
139 59 0.00414
139 71 0.89849
139 75 0.22461
139 80 0.2344
139 82 0.27974
139 84 0.9693
139 89 0.43265
139 90 0.31264
139 101 0.92762
139 105 0.42886
139 111 0.48373
139 113 0.75935
139 115 0.23347
139 116 0.02415
139 121 0.90649
139 131 0.70605
139 132 0.88667
139 135 0.10323
139 137 0.78967
140 39 0.23418
140 43 0.17932
140 46 0.90914
140 50 0.76734
140 53 0.74545
140 55 0.52587
140 59 0.84279
140 71 0.08695
140 75 0.38281
140 80 0.66751
140 82 0.02378
140 84 0.66103
140 89 0.6658
140 90 0.65146
140 101 0.02624
140 105 0.91963
140 111 0.28673
140 113 0.77715
140 115 0.01757
140 116 0.86526
140 121 0.13704
140 131 0.70727
140 132 0.99497
140 135 0.72177
140 137 0.56444
