28 12 0.60669
28 18 0.90254
28 33 0.14663
28 39 0.53747
28 43 0.93428
28 48 0.81216
28 53 0.05517
28 58 0.6055
28 60 0.45241
28 61 0.51108
32 12 0.66077
32 18 0.51012
32 33 0.50969
32 39 0.1632
32 43 0.98668
32 48 0.51232
32 53 0.48677
32 58 0.20441
32 60 0.88245
32 61 0.44118
42 12 0.63056
42 18 0.16032
42 33 0.82966
42 39 0.82023
42 43 0.07194
42 48 0.19667
42 53 0.45273
42 58 0.79438
42 60 0.10356
42 61 0.66538
49 12 0.63506
49 18 0.43757
49 33 0.67401
49 39 0.18775
49 43 0.66441
49 48 0.7044
49 53 0.02025
49 58 0.23908
49 60 0.6839
49 61 0.00694
52 12 0.92901
52 18 0.61591
52 33 0.70593
52 39 0.53729
52 43 0.90168
52 48 0.18712
52 53 0.22285
52 58 0.67715
52 60 0.53879
52 61 0.16524
55 12 0.14427
55 18 0.69101
55 33 0.35221
55 39 0.07739
55 43 0.56964
55 48 0.12187
55 53 0.79545
55 58 0.63209
55 60 0.95979
55 61 0.70945
57 12 0.00775
57 18 0.29455
57 33 0.71714
57 39 0.99145
57 43 0.49825
57 48 0.65294
57 53 0.74939
57 58 0.42851
57 60 0.89517
57 61 0.28554
68 12 0.26355
68 18 0.11506
68 33 0.75706
68 39 0.24923
68 43 0.59566
68 48 0.939
68 53 0.6173
68 58 0.18998
68 60 0.33284
68 61 0.80243
69 12 0.23244
69 18 0.60891
69 33 0.04341
69 39 0.5039
69 43 0.75228
69 48 0.6686
69 53 0.09976
69 58 0.23343
69 60 0.58076
69 61 0.4772
70 12 0.97572
70 18 0.00612
70 33 0.54058
70 39 0.82041
70 43 0.09189
70 48 0.99572
70 53 0.32616
70 58 0.4723
70 60 0.99606
70 61 0.69505
