27 12 0.01715
27 13 0.97426
27 31 0.54227
27 33 0.29343
27 43 0.38167
27 57 0.7545
27 66 0.29171
27 69 0.5266
39 12 0.56205
39 13 0.79121
39 31 0.97471
39 33 0.79117
39 43 0.01073
39 57 0.05097
39 66 0.57161
39 69 0.15667
47 12 0.87595
47 13 0.69224
47 31 0.40967
47 33 0.6599
47 43 0.36243
47 57 0.06448
47 66 0.16203
47 69 0.72178
50 12 0.65661
50 13 0.83781
50 31 0.67921
50 33 0.57092
50 43 0.81345
50 57 0.17073
50 66 0.58314
50 69 0.85854
51 12 0.10189
51 13 0.72806
51 31 0.71844
51 33 0.67378
51 43 0.38038
51 57 0.98981
51 66 0.42511
51 69 0.43025
52 12 0.39214
52 13 0.31586
52 31 0.89697
52 33 0.1565
52 43 0.3934
52 57 0.77941
52 66 0.44545
52 69 0.22974
54 12 0.18029
54 13 0.43765
54 31 0.92346
54 33 0.91657
54 43 0.81669
54 57 0.83705
54 66 0.84794
54 69 0.37086
55 12 0.66257
55 13 0.11613
55 31 0.85792
55 33 0.91763
55 43 0.0527
55 57 0.39227
55 66 0.63845
55 69 0.72197
62 12 0.37903
62 13 0.99475
62 31 0.71048
62 33 0.88285
62 43 0.46133
62 57 0.46007
62 66 0.76211
62 69 0.13544
64 12 0.34707
64 13 0.78903
64 31 0.94761
64 33 0.2853
64 43 0.18916
64 57 0.07878
64 66 0.83549
64 69 0.98838
65 12 0.68946
65 13 0.61895
65 31 0.31922
65 33 0.25794
65 43 0.25841
65 57 0.12362
65 66 0.34057
65 69 0.10677
