1 2
3 1
3 2
4 1
4 2
1 5
5 3
3 6
1 6
7 1
6 7
1 8
8 3
9 3
9 2
1 10
10 9
1 11
3 11
12 4
1 12
13 11
12 13
12 14
3 14
12 15
15 11
16 12
16 5
17 5
17 1
18 1
15 18
15 19
19 5
1 20
20 18
8 21
12 21
3 22
22 1
16 23
13 23
24 9
24 22
18 25
13 25
3 26
26 8
6 27
22 27
28 24
16 28
3 29
5 29
30 12
16 30
27 31
31 16
16 32
32 11
20 33
33 11
34 22
9 34
35 31
35 1
14 36
12 36
37 18
37 6
34 38
38 16
16 39
1 39
40 25
23 40
12 41
5 41
14 42
42 1
43 26
23 43
29 44
37 44
28 45
2 45
46 12
46 24
35 47
47 1
48 31
16 48
49 3
49 13
12 50
50 9
3 51
51 50
3 52
28 52
6 53
3 53
23 54
54 29
6 55
39 55
27 56
56 41
57 37
18 57
58 51
58 7
1 59
59 1
18 60
16 60
35 61
8 61
62 35
62 31
23 63
63 61
64 58
42 64
65 38
44 65
1 66
11 66
31 67
44 67
68 16
68 61
69 65
69 42
70 37
12 70
1 71
3 71
12 72
72 1
73 29
22 73
62 74
19 74
75 3
75 23
76 42
76 22
77 1
77 68
78 52
78 23
79 73
79 39
80 1
80 16
81 73
16 81
82 1
53 82
50 83
27 83
68 84
84 12
85 42
12 85
86 53
8 86
34 87
87 83
63 88
1 88
89 27
89 11
90 39
90 3
