22 43 0.53976
22 46 0.07232
22 53 0.59059
22 55 0.17168
22 59 0.53003
22 71 0.63327
22 75 0.40658
22 84 0.8731
22 89 0.78905
22 90 0.17347
22 101 0.5035
22 105 0.26622
22 111 0.3457
22 113 0.15979
22 115 0.90039
22 116 0.59307
22 121 0.15515
22 131 0.86196
22 132 0.97177
22 135 0.10784
22 137 0.58362
22 142 0.38222
22 143 0.84321
22 146 0.79105
22 158 0.69944
22 160 0.40973
45 43 0.92189
45 46 0.70486
45 53 0.34285
45 55 0.57083
45 59 0.34705
45 71 0.9773
45 75 0.34613
45 84 0.61767
45 89 0.64755
45 90 0.25322
45 101 0.09421
45 105 0.75966
45 111 0.07818
45 113 0.07441
45 115 0.70724
45 116 0.01266
45 121 0.60245
45 131 0.34036
45 132 0.86208
45 135 0.00962
45 137 0.76634
45 142 0.45953
45 143 0.07563
45 146 0.44419
45 158 0.55049
45 160 0.91101
52 43 0.72449
52 46 0.24106
52 53 0.39098
52 55 0.98736
52 59 0.26261
52 71 0.03467
52 75 0.69361
52 84 0.37244
52 89 0.05057
52 90 0.60324
52 101 0.35633
52 105 0.57605
52 111 0.03014
52 113 0.20368
52 115 0.06344
52 116 0.77119
52 121 0.77153
52 131 0.20718
52 132 0.08992
52 135 0.21766
52 137 0.7251
52 142 0.46117
52 143 0.22774
52 146 0.83784
52 158 0.4123
52 160 0.04499
57 43 0.39702
57 46 0.33846
57 53 0.97125
57 55 0.27236
57 59 0.10943
57 71 0.33155
57 75 0.41277
57 84 0.95216
57 89 0.47781
57 90 0.20632
57 101 0.32634
57 105 0.44223
57 111 0.37695
57 113 0.61129
57 115 0.37575
57 116 0.62096
57 121 0.92235
57 131 0.47662
57 132 0.01143
57 135 0.36894
57 137 0.90163
57 142 0.78951
57 143 0.24816
57 146 0.75164
57 158 0.65587
57 160 0.64389
67 43 0.02833
67 46 0.2131
67 53 0.09369
67 55 0.59755
67 59 0.18739
67 71 0.72151
67 75 0.4882
67 84 0.03327
67 89 0.08191
67 90 0.19307
67 101 0.13863
67 105 0.70709
67 111 0.13646
67 113 0.72685
67 115 0.28165
67 116 0.76284
67 121 0.07445
67 131 0.53408
67 132 0.05916
67 135 0.21502
67 137 0.10774
67 142 0.79824
67 143 0.99135
67 146 0.08327
67 158 0.07679
67 160 0.03948
81 43 0.67316
81 46 0.39482
81 53 0.58472
81 55 0.27513
81 59 0.70991
81 71 0.46773
81 75 0.26668
81 84 0.59584
81 89 0.98707
81 90 0.72746
81 101 0.00993
81 105 0.18628
81 111 0.80393
81 113 0.88943
81 115 0.80219
81 116 0.018
81 121 0.9045
81 131 0.73861
81 132 0.82756
81 135 0.74478
81 137 0.28781
81 142 0.20132
81 143 0.3624
81 146 0.84217
81 158 0.4036
81 160 0.69816
86 43 0.95694
86 46 0.17722
86 53 0.48559
86 55 0.57475
86 59 0.42794
86 71 0.47405
86 75 0.2602
86 84 0.72951
86 89 0.4383
86 90 0.03295
86 101 0.41731
86 105 0.10205
86 111 0.70896
86 113 0.60709
86 115 0.85961
86 116 0.41319
86 121 0.82894
86 131 0.37928
86 132 0.46853
86 135 0.3744
86 137 0.89891
86 142 0.13687
86 143 0.44821
86 146 0.81556
86 158 0.16732
86 160 0.53716
106 43 0.19772
106 46 0.35697
106 53 0.77431
106 55 0.11858
106 59 0.52182
106 71 0.09655
106 75 0.66525
106 84 0.729
106 89 0.73784
106 90 0.24433
106 101 0.74808
106 105 0.40122
106 111 0.12166
106 113 0.73947
106 115 0.91471
106 116 0.46959
106 121 0.20494
106 131 0.52598
106 132 0.83048
106 135 0.69643
106 137 0.45673
106 142 0.5772
106 143 0.95854
106 146 0.61708
106 158 0.13089
106 160 0.63884
108 43 0.13651
108 46 0.28624
108 53 0.8596
108 55 0.24875
108 59 0.17958
108 71 0.64459
108 75 0.56343
108 84 0.24769
108 89 0.35385
108 90 0.06396
108 101 0.0676
108 105 0.59916
108 111 0.09512
108 113 0.31371
108 115 0.20773
108 116 0.04627
108 121 0.98947
108 131 0.61852
108 132 0.01561
108 135 0.0183
108 137 0.24317
108 142 0.88173
108 143 0.14101
108 146 0.60046
108 158 0.17934
108 160 0.73368
109 43 0.77838
109 46 0.65126
109 53 0.79834
109 55 0.55056
109 59 0.93074
109 71 0.90414
109 75 0.30599
109 84 0.30189
109 89 0.16141
109 90 0.77222
109 101 0.80105
109 105 0.73596
109 111 0.90385
109 113 0.83709
109 115 0.81261
109 116 0.5694
109 121 0.88136
109 131 0.33871
109 132 0.31976
109 135 0.29099
109 137 0.99797
109 142 0.80773
109 143 0.8691
109 146 0.93241
109 158 0.5235
109 160 0.20276
112 43 0.38598
112 46 0.27129
112 53 0.55646
112 55 0.50303
112 59 0.82223
112 71 0.8447
112 75 0.18802
112 84 0.00062
112 89 0.77638
112 90 0.61829
112 101 0.22661
112 105 0.06491
112 111 0.08377
112 113 0.49601
112 115 0.93562
112 116 0.83469
112 121 0.8376
112 131 0.50881
112 132 0.22713
112 135 0.61268
112 137 0.49367
112 142 0.54907
112 143 0.12495
112 146 0.65678
112 158 0.69552
112 160 0.85499
117 43 0.81743
117 46 0.13414
117 53 0.57416
117 55 0.98857
117 59 0.65718
117 71 0.41326
117 75 0.28378
117 84 0.72998
117 89 0.44098
117 90 0.59297
117 101 0.13668
117 105 0.55763
117 111 0.26642
117 113 0.46876
117 115 0.53768
117 116 0.85493
117 121 0.89364
117 131 0.17999
117 132 0.96724
117 135 0.35938
117 137 0.86886
117 142 0.4926
117 143 0.42817
117 146 0.79462
117 158 0.5585
117 160 0.3271
122 43 0.92781
122 46 0.49993
122 53 0.80613
122 55 0.02264
122 59 0.16135
122 71 0.67139
122 75 0.61524
122 84 0.12384
122 89 0.5525
122 90 0.28795
122 101 0.69599
122 105 0.61726
122 111 0.77478
122 113 0.48187
122 115 0.91749
122 116 0.4192
122 121 0.51755
122 131 0.84928
122 132 0.85016
122 135 0.63678
122 137 0.14425
122 142 0.53816
122 143 0.91387
122 146 0.6903
122 158 0.94378
122 160 0.51369
124 43 0.13759
124 46 0.83005
124 53 0.16807
124 55 0.21142
124 59 0.079
124 71 0.55002
124 75 0.00278
124 84 0.90724
124 89 0.30827
124 90 0.29531
124 101 0.62624
124 105 0.48067
124 111 0.73786
124 113 0.10806
124 115 0.13966
124 116 0.74548
124 121 0.75641
124 131 0.01101
124 132 0.92499
124 135 0.47258
124 137 0.10735
124 142 0.53685
124 143 0.29235
124 146 0.36374
124 158 0.48809
124 160 0.08894
128 43 0.30963
128 46 0.90477
128 53 0.03884
128 55 0.90216
128 59 0.95943
128 71 0.26285
128 75 0.24165
128 84 0.74451
128 89 0.29448
128 90 0.25905
128 101 0.86325
128 105 0.00782
128 111 0.44185
128 113 0.51526
128 115 0.22279
128 116 0.59842
128 121 0.4603
128 131 0.53273
128 132 0.91483
128 135 0.92406
128 137 0.89063
128 142 0.64665
128 143 0.0921
128 146 0.88068
128 158 0.14836
128 160 0.58218
133 43 0.41189
133 46 0.02124
133 53 0.13488
133 55 0.99014
133 59 0.84914
133 71 0.70325
133 75 0.77165
133 84 0.66316
133 89 0.98857
133 90 0.59807
133 101 0.04231
133 105 0.02339
133 111 0.4017
133 113 0.62344
133 115 0.41019
133 116 0.27094
133 121 0.78505
133 131 0.92672
133 132 0.12471
133 135 0.08037
133 137 0.70313
133 142 0.8637
133 143 0.10769
133 146 0.9401
133 158 0.04932
133 160 0.4254
139 43 0.79121
139 46 0.37521
139 53 0.53817
139 55 0.70711
139 59 0.58438
139 71 0.82986
139 75 0.34128
139 84 0.34609
139 89 0.71686
139 90 0.0539
139 101 0.67209
139 105 0.57951
139 111 0.85369
139 113 0.57294
139 115 0.63945
139 116 0.40681
139 121 0.41703
139 131 0.12754
139 132 0.70947
139 135 0.62988
139 137 0.80461
139 142 0.98546
139 143 0.88703
139 146 0.37062
139 158 0.21216
139 160 0.85142
140 43 0.86715
140 46 0.88467
140 53 0.05585
140 55 0.37388
140 59 0.38195
140 71 0.67102
140 75 0.14231
140 84 0.18475
140 89 0.75705
140 90 0.60775
140 101 0.45451
140 105 0.99673
140 111 0.09134
140 113 0.54743
140 115 0.93468
140 116 0.51013
140 121 0.38884
140 131 0.1754
140 132 0.60807
140 135 0.45226
140 137 0.98639
140 142 0.75014
140 143 0.62772
140 146 0.99885
140 158 0.21687
140 160 0.95814
147 43 0.18361
147 46 0.29807
147 53 0.98662
147 55 0.88923
147 59 0.74777
147 71 0.90393
147 75 0.70144
147 84 0.67689
147 89 0.01677
147 90 0.62387
147 101 0.51148
147 105 0.56162
147 111 0.07853
147 113 0.52415
147 115 0.11633
147 116 0.8638
147 121 0.83197
147 131 0.14505
147 132 0.13997
147 135 0.93295
147 137 0.0526
147 142 0.57893
147 143 0.18247
147 146 0.48298
147 158 0.23601
147 160 0.14983
151 43 0.53619
151 46 0.63896
151 53 0.30093
151 55 0.75381
151 59 0.10193
151 71 0.18927
151 75 0.29755
151 84 0.80548
151 89 0.42939
151 90 0.86537
151 101 0.24233
151 105 0.98237
151 111 0.2959
151 113 0.50304
151 115 0.67742
151 116 0.37286
151 121 0.74699
151 131 0.987
151 132 0.09102
151 135 0.73156
151 137 0.03138
151 142 0.57894
151 143 0.56177
151 146 0.95313
151 158 0.96854
151 160 0.33739
155 43 0.39006
155 46 0.65051
155 53 0.38769
155 55 0.34621
155 59 0.71078
155 71 0.85059
155 75 0.8918
155 84 0.9434
155 89 0.82732
155 90 0.36862
155 101 0.31146
155 105 0.87461
155 111 0.62709
155 113 0.32041
155 115 0.71194
155 116 0.97108
155 121 0.48153
155 131 0.56671
155 132 0.49374
155 135 0.48884
155 137 0.03567
155 142 0.61217
155 143 0.05992
155 146 0.08381
155 158 0.63808
155 160 0.01985
156 43 0.77609
156 46 0.60011
156 53 0.93949
156 55 0.84261
156 59 0.50529
156 71 0.1065
156 75 0.01015
156 84 0.74562
156 89 0.86851
156 90 0.32214
156 101 0.40531
156 105 0.20844
156 111 0.11021
156 113 0.18158
156 115 0.44453
156 116 0.23378
156 121 0.62522
156 131 0.26304
156 132 0.10406
156 135 0.645
156 137 0.61215
156 142 0.42829
156 143 0.34827
156 146 0.51226
156 158 0.53222
156 160 0.36554
