22 23 0.37622
22 33 0.76154
22 35 0.41071
22 39 0.52263
22 43 0.03456
22 44 0.97188
22 46 0.9634
22 49 0.27822
22 50 0.32192
22 53 0.52164
22 55 0.23815
22 59 0.2045
22 60 0.97202
22 68 0.90162
22 69 0.67022
22 70 0.82556
30 23 0.2522
30 33 0.93773
30 35 0.19706
30 39 0.954
30 43 0.44443
30 44 0.93423
30 46 0.85607
30 49 0.17904
30 50 0.11616
30 53 0.29785
30 55 0.69985
30 59 0.94587
30 60 0.47358
30 68 0.20126
30 69 0.00372
30 70 0.1598
36 23 0.72169
36 33 0.51103
36 35 0.27309
36 39 0.55663
36 43 0.48725
36 44 0.04069
36 46 0.3409
36 49 0.98256
36 50 0.01492
36 53 0.73136
36 55 0.77092
36 59 0.15337
36 60 0.72868
36 68 0.24046
36 69 0.65316
36 70 0.9427
45 23 0.94839
45 33 0.31581
45 35 0.04897
45 39 0.31731
45 43 0.94837
45 44 0.50729
45 46 0.47529
45 49 0.59189
45 50 0.14447
45 53 0.19217
45 55 0.70475
45 59 0.56293
45 60 0.76185
45 68 0.11655
45 69 0.9477
45 70 0.44169
52 23 0.48112
52 33 0.2786
52 35 0.45872
52 39 0.79887
52 43 0.41398
52 44 0.38204
52 46 0.64768
52 49 0.71291
52 50 0.03994
52 53 0.70452
52 55 0.07768
52 59 0.63071
52 60 0.81333
52 68 0.76381
52 69 0.45303
52 70 0.43453
56 23 0.17805
56 33 0.34649
56 35 0.50462
56 39 0.79351
56 43 0.62676
56 44 0.43895
56 46 0.67274
56 49 0.81453
56 50 0.43731
56 53 0.41555
56 55 0.95938
56 59 0.7248
56 60 0.66731
56 68 0.86323
56 69 0.42804
56 70 0.30045
57 23 0.78088
57 33 0.88415
57 35 0.27829
57 39 0.56904
57 43 0.29572
57 44 0.44939
57 46 0.37587
57 49 0.65785
57 50 0.49432
57 53 0.00928
57 55 0.80967
57 59 0.0279
57 60 0.09474
57 68 0.36829
57 69 0.19791
57 70 0.36779
61 23 0.90413
61 33 0.68162
61 35 0.5548
61 39 0.76889
61 43 0.87925
61 44 0.70857
61 46 0.43415
61 49 0.72425
61 50 0.98847
61 53 0.01969
61 55 0.73121
61 59 0.81301
61 60 0.08229
61 68 0.99326
61 69 0.76574
61 70 0.82455
65 23 0.75555
65 33 0.7736
65 35 0.94253
65 39 0.83364
65 43 0.95944
65 44 0.12578
65 46 0.0083
65 49 0.85373
65 50 0.98129
65 53 0.66659
65 55 0.35747
65 59 0.06454
65 60 0.06185
65 68 0.19406
65 69 0.81498
65 70 0.70331
67 23 0.55541
67 33 0.54842
67 35 0.3722
67 39 0.0714
67 43 0.46043
67 44 0.20781
67 46 0.27057
67 49 0.82032
67 50 0.10436
67 53 0.07073
67 55 0.37948
67 59 0.51354
67 60 0.51115
67 68 0.77158
67 69 0.60555
67 70 0.20742
