28 18 0.29339
28 33 0.41454
28 39 0.16969
28 43 0.12704
28 48 0.05595
28 53 0.32523
28 58 0.05293
28 60 0.71814
28 61 0.63807
28 73 0.4282
28 84 0.60177
28 87 0.68311
28 88 0.71385
28 89 0.38591
28 94 0.61439
28 96 0.05255
42 18 0.36676
42 33 0.93603
42 39 0.02417
42 43 0.41345
42 48 0.35214
42 53 0.33963
42 58 0.95768
42 60 0.01864
42 61 0.39869
42 73 0.05746
42 84 0.64467
42 87 0.32621
42 88 0.58526
42 89 0.52465
42 94 0.41446
42 96 0.74508
49 18 0.99894
49 33 0.11068
49 39 0.85639
49 43 0.56652
49 48 0.12989
49 53 0.84923
49 58 0.78012
49 60 0.09533
49 61 0.69134
49 73 0.93638
49 84 0.45559
49 87 0.34037
49 88 0.43179
49 89 0.25269
49 94 0.39548
49 96 0.67843
52 18 0.2088
52 33 0.66598
52 39 0.24056
52 43 0.71322
52 48 0.88318
52 53 0.56293
52 58 0.92425
52 60 0.45286
52 61 0.83496
52 73 0.76163
52 84 0.1446
52 87 0.61441
52 88 0.6305
52 89 0.57332
52 94 0.11307
52 96 0.28947
55 18 0.82859
55 33 0.49161
55 39 0.3146
55 43 0.53968
55 48 0.15885
55 53 0.55241
55 58 0.72822
55 60 0.77484
55 61 0.81827
55 73 0.9226
55 84 0.60442
55 87 0.29246
55 88 0.61983
55 89 0.07661
55 94 0.86354
55 96 0.8651
57 18 0.24829
57 33 0.19794
57 39 0.7078
57 43 0.57134
57 48 0.90378
57 53 0.40942
57 58 0.81352
57 60 0.78269
57 61 0.73101
57 73 0.72166
57 84 0.21851
57 87 0.30927
57 88 0.32215
57 89 0.65972
57 94 0.15733
57 96 0.53676
68 18 0.23695
68 33 0.59609
68 39 0.54774
68 43 0.28714
68 48 0.96926
68 53 0.24607
68 58 0.89494
68 60 0.44844
68 61 0.14101
68 73 0.15006
68 84 0.10754
68 87 0.43167
68 88 0.36033
68 89 0.77143
68 94 0.22052
68 96 0.30416
69 18 0.78687
69 33 0.01416
69 39 0.29805
69 43 0.75493
69 48 0.82464
69 53 0.42812
69 58 0.75121
69 60 0.55835
69 61 0.02802
69 73 0.7756
69 84 0.00449
69 87 0.83234
69 88 0.1859
69 89 0.56383
69 94 0.41389
69 96 0.51714
70 18 0.07673
70 33 0.95067
70 39 0.71962
70 43 0.14952
70 48 0.88226
70 53 0.46732
70 58 0.87655
70 60 0.99071
70 61 0.43507
70 73 0.86343
70 84 0.27564
70 87 0.29102
70 88 0.51452
70 89 0.83836
70 94 0.47824
70 96 0.01158
71 18 0.14763
71 33 0.07732
71 39 0.83354
71 43 0.03851
71 48 0.23256
71 53 0.57891
71 58 0.0289
71 60 0.47607
71 61 0.96293
71 73 0.23974
71 84 0.64499
71 87 0.09311
71 88 0.60517
71 89 0.79599
71 94 0.21533
71 96 0.44598
74 18 0.58766
74 33 0.78734
74 39 0.10889
74 43 0.38297
74 48 0.51813
74 53 0.93611
74 58 0.57639
74 60 0.73463
74 61 0.97577
74 73 0.45911
74 84 0.48371
74 87 0.56679
74 88 0.14574
74 89 0.50055
74 94 0.53917
74 96 0.26722
76 18 0.966
76 33 0.36412
76 39 0.09714
76 43 0.82323
76 48 0.94788
76 53 0.7014
76 58 0.78774
76 60 0.08104
76 61 0.82781
76 73 0.88827
76 84 0.828
76 87 0.57113
76 88 0.26957
76 89 0.3194
76 94 0.17737
76 96 0.58645
78 18 0.40301
78 33 0.41401
78 39 0.94267
78 43 0.16557
78 48 0.90892
78 53 0.43041
78 58 0.89062
78 60 0.97384
78 61 0.6329
78 73 0.36948
78 84 0.22195
78 87 0.55293
78 88 0.37762
78 89 0.24574
78 94 0.42961
78 96 0.85225
92 18 0.52429
92 33 0.32804
92 39 0.23121
92 43 0.0038
92 48 0.02768
92 53 0.57621
92 58 0.56533
92 60 0.79462
92 61 0.18224
92 73 0.86276
92 84 0.81228
92 87 0.18521
92 88 0.30371
92 89 0.43956
92 94 0.94974
92 96 0.33314
98 18 0.87283
98 33 0.38579
98 39 0.07285
98 43 0.44202
98 48 0.82702
98 53 0.96991
98 58 0.53752
98 60 0.39981
98 61 0.1116
98 73 0.26211
98 84 0.00032
98 87 0.1341
98 88 0.06617
98 89 0.59658
98 94 0.78166
98 96 0.02455
