28 18 0.32348
28 39 0.13739
28 43 0.15693
28 48 0.99901
28 53 0.95856
28 58 0.71993
28 60 0.8896
28 61 0.81485
28 73 0.79209
28 84 0.31963
28 88 0.71638
28 89 0.60385
28 94 0.4833
28 96 0.3958
28 106 0.01405
28 107 0.454
28 112 0.92378
28 115 0.00845
28 116 0.24847
28 119 0.87836
28 121 0.52119
28 125 0.60837
28 128 0.93416
28 129 0.54655
28 133 0.0356
28 140 0.70435
42 18 0.40644
42 39 0.79689
42 43 0.58855
42 48 0.47079
42 53 0.96462
42 58 0.59626
42 60 0.59899
42 61 0.49738
42 73 0.78274
42 84 0.44218
42 88 0.10572
42 89 0.8906
42 94 0.82988
42 96 0.19153
42 106 0.4395
42 107 0.73686
42 112 0.57052
42 115 0.9752
42 116 0.92294
42 119 0.0202
42 121 0.16258
42 125 0.05821
42 128 0.4262
42 129 0.53153
42 133 0.43915
42 140 0.65116
49 18 0.48546
49 39 0.77803
49 43 0.68385
49 48 0.58849
49 53 0.79526
49 58 0.5437
49 60 0.80404
49 61 0.98444
49 73 0.06244
49 84 0.549
49 88 0.94429
49 89 0.64347
49 94 0.05787
49 96 0.04528
49 106 0.66147
49 107 0.87165
49 112 0.02517
49 115 0.86805
49 116 0.69257
49 119 0.05025
49 121 0.21266
49 125 0.32519
49 128 0.34136
49 129 0.4978
49 133 0.10243
49 140 0.54294
52 18 0.32521
52 39 0.59391
52 43 0.15359
52 48 0.01896
52 53 0.39137
52 58 0.95698
52 60 0.22173
52 61 0.68014
52 73 0.07666
52 84 0.9006
52 88 0.89715
52 89 0.66827
52 94 0.68368
52 96 0.91452
52 106 0.77034
52 107 0.10515
52 112 0.5162
52 115 0.2223
52 116 0.01242
52 119 0.66648
52 121 0.20535
52 125 0.51444
52 128 0.13459
52 129 0.14617
52 133 0.09276
52 140 0.697
55 18 0.33697
55 39 0.73373
55 43 0.22901
55 48 0.62274
55 53 0.82205
55 58 0.05446
55 60 0.66621
55 61 0.63913
55 73 0.28137
55 84 0.63245
55 88 0.28102
55 89 0.57468
55 94 0.04356
55 96 0.52363
55 106 0.28346
55 107 0.74861
55 112 0.40468
55 115 0.74119
55 116 0.21247
55 119 0.72077
55 121 0.55871
55 125 0.52544
55 128 0.10734
55 129 0.04244
55 133 0.75974
55 140 0.2805
68 18 0.69592
68 39 0.7011
68 43 0.00527
68 48 0.26895
68 53 0.09666
68 58 0.24307
68 60 0.98553
68 61 0.09239
68 73 0.32248
68 84 0.42878
68 88 0.23391
68 89 0.69761
68 94 0.59707
68 96 0.83594
68 106 0.96923
68 107 0.21171
68 112 0.2711
68 115 0.91221
68 116 0.59739
68 119 0.65888
68 121 0.17948
68 125 0.12434
68 128 0.32938
68 129 0.68682
68 133 0.63608
68 140 0.8555
69 18 0.80685
69 39 0.33481
69 43 0.12482
69 48 0.13181
69 53 0.32418
69 58 0.58189
69 60 0.18823
69 61 0.10358
69 73 0.07391
69 84 0.7174
69 88 0.90901
69 89 0.63811
69 94 0.72043
69 96 0.99893
69 106 0.64036
69 107 0.23125
69 112 0.62149
69 115 0.69428
69 116 0.86483
69 119 0.15563
69 121 0.31292
69 125 0.04552
69 128 0.2469
69 129 0.92038
69 133 0.73336
69 140 0.73657
71 18 0.05133
71 39 0.39136
71 43 0.44717
71 48 0.09308
71 53 0.92623
71 58 0.57672
71 60 0.54935
71 61 0.593
71 73 0.58534
71 84 0.54672
71 88 0.18662
71 89 0.34686
71 94 0.566
71 96 0.30947
71 106 0.13132
71 107 0.54967
71 112 0.32435
71 115 0.40552
71 116 0.78554
71 119 0.50283
71 121 0.303
71 125 0.30675
71 128 0.76827
71 129 0.83848
71 133 0.73116
71 140 0.08268
76 18 0.00412
76 39 0.16089
76 43 0.68082
76 48 0.94605
76 53 0.05942
76 58 0.26503
76 60 0.65523
76 61 0.83321
76 73 0.19379
76 84 0.46711
76 88 0.52816
76 89 0.32909
76 94 0.76709
76 96 0.15001
76 106 0.68191
76 107 0.23959
76 112 0.15455
76 115 0.27152
76 116 0.10969
76 119 0.73161
76 121 0.82347
76 125 0.51015
76 128 0.22718
76 129 0.68989
76 133 0.32111
76 140 0.00908
78 18 0.20465
78 39 0.86325
78 43 0.06299
78 48 0.47996
78 53 0.31304
78 58 0.42765
78 60 0.35284
78 61 0.69802
78 73 0.3593
78 84 0.76689
78 88 0.82144
78 89 0.25508
78 94 0.97825
78 96 0.03971
78 106 0.21714
78 107 0.7516
78 112 0.83957
78 115 0.87405
78 116 0.87028
78 119 0.56621
78 121 0.87526
78 125 0.27188
78 128 0.08164
78 129 0.41017
78 133 0.93454
78 140 0.03121
92 18 0.2649
92 39 0.01215
92 43 0.57541
92 48 0.9122
92 53 0.52556
92 58 0.00106
92 60 0.8349
92 61 0.79993
92 73 0.72342
92 84 0.50727
92 88 0.37377
92 89 0.83402
92 94 0.40111
92 96 0.75564
92 106 0.11173
92 107 0.31355
92 112 0.21
92 115 0.41872
92 116 0.89629
92 119 0.71395
92 121 0.36556
92 125 0.03959
92 128 0.85183
92 129 0.0675
92 133 0.89682
92 140 0.27485
98 18 0.38523
98 39 0.08337
98 43 0.46607
98 48 0.15708
98 53 0.62291
98 58 0.43073
98 60 0.30549
98 61 0.00908
98 73 0.8268
98 84 0.84899
98 88 0.80139
98 89 0.21035
98 94 0.13109
98 96 0.85639
98 106 0.20237
98 107 0.81688
98 112 0.39941
98 115 0.29651
98 116 0.52028
98 119 0.58529
98 121 0.80373
98 125 0.50997
98 128 0.08919
98 129 0.01761
98 133 0.51555
98 140 0.89059
102 18 0.20525
102 39 0.14953
102 43 0.60571
102 48 0.97377
102 53 0.81991
102 58 0.17736
102 60 0.89417
102 61 0.6651
102 73 0.6575
102 84 0.89201
102 88 0.7517
102 89 0.34475
102 94 0.73971
102 96 0.53585
102 106 0.33041
102 107 0.90157
102 112 0.45759
102 115 0.60026
102 116 0.16408
102 119 0.63117
102 121 0.69046
102 125 0.82221
102 128 0.09978
102 129 0.51357
102 133 0.36197
102 140 0.82971
104 18 0.62304
104 39 0.40243
104 43 0.15492
104 48 0.2863
104 53 0.64573
104 58 0.02516
104 60 0.72277
104 61 0.52063
104 73 0.51705
104 84 0.76708
104 88 0.38255
104 89 0.85709
104 94 0.33775
104 96 0.66596
104 106 0.24215
104 107 0.83222
104 112 0.07134
104 115 0.14175
104 116 0.88181
104 119 0.11988
104 121 0.75952
104 125 0.1088
104 128 0.15481
104 129 0.87854
104 133 0.09886
104 140 0.16249
108 18 0.75244
108 39 0.16324
108 43 0.61494
108 48 0.84434
108 53 0.27267
108 58 0.80167
108 60 0.89462
108 61 0.01888
108 73 0.18793
108 84 0.96315
108 88 0.72976
108 89 0.11365
108 94 0.10285
108 96 0.65324
108 106 0.24502
108 107 0.35877
108 112 0.37599
108 115 0.69995
108 116 0.6307
108 119 0.97895
108 121 0.3083
108 125 0.82808
108 128 0.81692
108 129 0.62777
108 133 0.25186
108 140 0.87433
114 18 0.51202
114 39 0.30147
114 43 0.47417
114 48 0.7449
114 53 0.27605
114 58 0.60763
114 60 0.84035
114 61 0.84753
114 73 0.61598
114 84 0.26237
114 88 0.0713
114 89 0.38496
114 94 0.01038
114 96 0.95502
114 106 0.99147
114 107 0.99683
114 112 0.1129
114 115 0.81836
114 116 0.22661
114 119 0.76888
114 121 0.1101
114 125 0.76397
114 128 0.05122
114 129 0.40317
114 133 0.43575
114 140 0.15328
117 18 0.4671
117 39 0.17198
117 43 0.8677
117 48 0.25602
117 53 0.46664
117 58 0.05906
117 60 0.57805
117 61 0.99211
117 73 0.36432
117 84 0.81749
117 88 0.02545
117 89 0.18162
117 94 0.16725
117 96 0.13922
117 106 0.77895
117 107 0.86203
117 112 0.6913
117 115 0.51079
117 116 0.2632
117 119 0.24532
117 121 0.66341
117 125 0.19047
117 128 0.55844
117 129 0.34563
117 133 0.24889
117 140 0.0303
122 18 0.3325
122 39 0.63536
122 43 0.90012
122 48 0.90455
122 53 0.05551
122 58 0.51552
122 60 0.47114
122 61 0.05187
122 73 0.89216
122 84 0.16334
122 88 0.34205
122 89 0.99373
122 94 0.32688
122 96 0.59324
122 106 0.78572
122 107 0.29372
122 112 0.23951
122 115 0.16676
122 116 0.64468
122 119 0.89907
122 121 0.62777
122 125 0.24954
122 128 0.6594
122 129 0.04577
122 133 0.32716
122 140 0.01658
130 18 0.51881
130 39 0.97274
130 43 0.88779
130 48 0.31882
130 53 0.3794
130 58 0.74672
130 60 0.57698
130 61 0.52004
130 73 0.17302
130 84 0.80726
130 88 0.17199
130 89 0.8135
130 94 0.1119
130 96 0.31643
130 106 0.87596
130 107 0.70208
130 112 0.69869
130 115 0.42767
130 116 0.06476
130 119 0.37794
130 121 0.43867
130 125 0.08788
130 128 0.82689
130 129 0.21825
130 133 0.29853
130 140 0.0321
134 18 0.22027
134 39 0.33027
134 43 0.53243
134 48 0.78232
134 53 0.46538
134 58 0.62804
134 60 0.04297
134 61 0.79328
134 73 0.31238
134 84 0.89478
134 88 0.46686
134 89 0.18327
134 94 0.26655
134 96 0.38949
134 106 0.54331
134 107 0.17299
134 112 0.94289
134 115 0.42289
134 116 0.82934
134 119 0.04736
134 121 0.54371
134 125 0.53694
134 128 0.28904
134 129 0.84754
134 133 0.80582
134 140 0.94894
138 18 0.32804
138 39 0.43754
138 43 0.92848
138 48 0.34602
138 53 0.40073
138 58 0.00357
138 60 0.40246
138 61 0.77149
138 73 0.80069
138 84 0.60663
138 88 0.54165
138 89 0.18803
138 94 0.89092
138 96 0.93398
138 106 0.60915
138 107 0.31629
138 112 0.76024
138 115 0.00915
138 116 0.54582
138 119 0.70522
138 121 0.39258
138 125 0.93644
138 128 0.82464
138 129 0.18259
138 133 0.50644
138 140 0.15268
