22 39 0.7194
22 43 0.12898
22 46 0.54603
22 50 0.97775
22 53 0.89854
22 55 0.43876
22 59 0.81987
22 71 0.67997
22 75 0.18574
22 80 0.53513
22 82 0.74922
22 84 0.27745
22 89 0.28949
22 90 0.94639
22 101 0.31935
22 103 0.82956
22 105 0.12652
22 111 0.76623
22 113 0.2723
22 115 0.88001
22 116 0.90457
22 121 0.83435
45 39 0.06109
45 43 0.49841
45 46 0.1868
45 50 0.88285
45 53 0.3074
45 55 0.06017
45 59 0.72602
45 71 0.50242
45 75 0.70647
45 80 0.78457
45 82 0.74845
45 84 0.83965
45 89 0.42373
45 90 0.78961
45 101 0.89518
45 103 0.56529
45 105 0.87469
45 111 0.6029
45 113 0.65713
45 115 0.96857
45 116 0.1067
45 121 0.30178
52 39 0.85597
52 43 0.56295
52 46 0.19331
52 50 0.97437
52 53 0.77289
52 55 0.49537
52 59 0.6322
52 71 0.48329
52 75 0.36468
52 80 0.68073
52 82 0.58185
52 84 0.35499
52 89 0.84444
52 90 0.95457
52 101 0.84582
52 103 0.84925
52 105 0.6206
52 111 0.19052
52 113 0.33014
52 115 0.96404
52 116 0.17466
52 121 0.97209
57 39 0.86904
57 43 0.14311
57 46 0.58723
57 50 0.04439
57 53 0.93904
57 55 0.88346
57 59 0.25796
57 71 0.58032
57 75 0.44224
57 80 0.09071
57 82 0.85967
57 84 0.50571
57 89 0.25806
57 90 0.73393
57 101 0.0372
57 103 0.88013
57 105 0.14198
57 111 0.1518
57 113 0.12033
57 115 0.99332
57 116 0.30454
57 121 0.388
67 39 0.13243
67 43 0.7746
67 46 0.82074
67 50 0.2359
67 53 0.27689
67 55 0.05851
67 59 0.42917
67 71 0.10356
67 75 0.03053
67 80 0.10283
67 82 0.02755
67 84 0.60393
67 89 0.02042
67 90 0.08252
67 101 0.61402
67 103 0.98394
67 105 0.63989
67 111 0.10564
67 113 0.57071
67 115 0.49076
67 116 0.78211
67 121 0.78747
81 39 0.79545
81 43 0.09548
81 46 0.28309
81 50 0.10328
81 53 0.99951
81 55 0.1623
81 59 0.7239
81 71 0.33457
81 75 0.32761
81 80 0.43449
81 82 0.92431
81 84 0.97806
81 89 0.24459
81 90 0.11111
81 101 0.33879
81 103 0.62292
81 105 0.14209
81 111 0.30335
81 113 0.49743
81 115 0.06737
81 116 0.09249
81 121 0.46455
86 39 0.67245
86 43 0.87254
86 46 0.73056
86 50 0.2651
86 53 0.95162
86 55 0.04059
86 59 0.90808
86 71 0.6289
86 75 0.60815
86 80 0.31888
86 82 0.06795
86 84 0.28155
86 89 0.73395
86 90 0.69755
86 101 0.09429
86 103 0.14787
86 105 0.77319
86 111 0.29253
86 113 0.4157
86 115 0.6611
86 116 0.37272
86 121 0.31038
98 39 0.14991
98 43 0.96988
98 46 0.69781
98 50 0.58453
98 53 0.04295
98 55 0.14813
98 59 0.39398
98 71 0.21807
98 75 0.24088
98 80 0.74331
98 82 0.85452
98 84 0.9273
98 89 0.29715
98 90 0.49289
98 101 0.56243
98 103 0.73733
98 105 0.20062
98 111 0.86455
98 113 0.67519
98 115 0.25067
98 116 0.48524
98 121 0.6208
106 39 0.22286
106 43 0.10659
106 46 0.50882
106 50 0.92618
106 53 0.9536
106 55 0.29563
106 59 0.23818
106 71 0.44367
106 75 0.60051
106 80 0.582
106 82 0.60609
106 84 0.52448
106 89 0.5308
106 90 0.76868
106 101 0.19336
106 103 0.10898
106 105 0.48923
106 111 0.57879
106 113 0.62129
106 115 0.1287
106 116 0.62679
106 121 0.04891
108 39 0.38527
108 43 0.44165
108 46 0.88529
108 50 0.58791
108 53 0.06295
108 55 0.6096
108 59 0.02003
108 71 0.81034
108 75 0.85112
108 80 0.55818
108 82 0.5317
108 84 0.92442
108 89 0.71143
108 90 0.19283
108 101 0.89488
108 103 0.11688
108 105 0.85151
108 111 0.28055
108 113 0.32098
108 115 0.78327
108 116 0.09604
108 121 0.49499
109 39 0.04461
109 43 0.60086
109 46 0.98131
109 50 0.93907
109 53 0.78221
109 55 0.7075
109 59 0.96939
109 71 0.40385
109 75 0.88543
109 80 0.65913
109 82 0.5901
109 84 0.95792
109 89 0.42404
109 90 0.01092
109 101 0.19904
109 103 0.67788
109 105 0.81261
109 111 0.67436
109 113 0.04206
109 115 0.93245
109 116 0.22062
109 121 0.85677
112 39 0.59412
112 43 0.20252
112 46 0.50782
112 50 0.86937
112 53 0.30312
112 55 0.91697
112 59 0.24992
112 71 0.3537
112 75 0.32662
112 80 0.14033
112 82 0.68173
112 84 0.66676
112 89 0.03022
112 90 0.07432
112 101 0.31112
112 103 0.94716
112 105 0.60348
112 111 0.41537
112 113 0.99526
112 115 0.01011
112 116 0.50434
112 121 0.97655
117 39 0.10943
117 43 0.2014
117 46 0.23851
117 50 0.68646
117 53 0.60298
117 55 0.50156
117 59 0.82391
117 71 0.71884
117 75 0.4038
117 80 0.55982
117 82 0.26983
117 84 0.99232
117 89 0.23395
117 90 0.53333
117 101 0.43766
117 103 0.46211
117 105 0.86284
117 111 0.14456
117 113 0.99044
117 115 0.16829
117 116 0.98696
117 121 0.52997
122 39 0.36271
122 43 0.69701
122 46 0.85011
122 50 0.04412
122 53 0.18033
122 55 0.29555
122 59 0.46559
122 71 0.99104
122 75 0.7518
122 80 0.92484
122 82 0.04574
122 84 0.28393
122 89 0.01527
122 90 0.15005
122 101 0.84898
122 103 0.93515
122 105 0.70411
122 111 0.69584
122 113 0.63821
122 115 0.76555
122 116 0.60993
122 121 0.2421
124 39 0.49454
124 43 0.36908
124 46 0.16186
124 50 0.39151
124 53 0.45067
124 55 0.93588
124 59 0.02325
124 71 0.84591
124 75 0.34418
124 80 0.3714
124 82 0.72288
124 84 0.93357
124 89 0.80405
124 90 0.74948
124 101 0.4284
124 103 0.22368
124 105 0.36622
124 111 0.45116
124 113 0.83457
124 115 0.98466
124 116 0.86911
124 121 0.87231
128 39 0.52798
128 43 0.74408
128 46 0.7274
128 50 0.65671
128 53 0.68576
128 55 0.06684
128 59 0.91585
128 71 0.0901
128 75 0.22197
128 80 0.74263
128 82 0.32823
128 84 0.91165
128 89 0.0163
128 90 0.13006
128 101 0.956
128 103 0.4889
128 105 0.77605
128 111 0.23625
128 113 0.44863
128 115 0.431
128 116 0.7739
128 121 0.78302
