1 2
1 3
3 2
2 4
4 2
5 2
5 2
6 3
6 2
7 4
7 5
5 8
2 8
2 9
1 9
10 1
10 4
11 7
11 5
12 5
12 5
13 5
13 5
5 14
14 4
15 1
4 15
16 15
16 6
17 4
2 17
12 18
18 5
13 19
11 19
20 2
8 20
21 5
8 21
22 13
22 15
11 23
17 23
4 24
16 24
25 20
22 25
4 26
26 4
4 27
27 23
3 28
28 18
3 29
11 29
30 19
30 5
31 3
31 1
32 4
32 5
29 33
5 33
4 34
34 16
29 35
6 35
36 27
36 3
37 32
14 37
38 2
38 5
38 39
36 39
40 39
5 40
9 41
41 10
42 5
24 42
17 43
12 43
29 44
20 44
45 31
45 38
32 46
8 46
10 47
2 47
29 48
48 5
4 49
5 49
19 50
47 50
51 27
34 51
52 12
52 1
19 53
15 53
29 54
54 10
17 55
1 55
56 18
56 7
57 5
57 5
58 2
54 58
29 59
2 59
2 60
51 60
61 16
61 8
9 62
62 1
58 63
63 4
61 64
64 15
65 5
65 11
66 27
20 66
67 39
67 2
5 68
4 68
65 69
25 69
6 70
20 70
4 71
35 71
7 72
27 72
2 73
73 3
73 74
74 72
65 75
35 75
76 3
44 76
77 61
66 77
70 78
78 68
28 79
79 78
15 80
20 80
81 49
81 30
23 82
10 82
83 53
68 83
15 84
15 84
60 85
85 58
86 29
86 56
30 87
87 49
88 21
3 88
73 89
27 89
69 90
4 90
91 36
10 91
92 61
12 92
4 93
93 62
94 68
94 63
78 95
17 95
2 96
96 29
24 97
97 84
98 14
98 10
99 65
9 99
56 100
100 20
10 101
95 101
102 47
30 102
72 103
49 103
104 20
10 104
5 105
70 105
106 92
106 24
107 95
20 107
108 79
108 49
109 37
109 89
110 88
8 110
29 111
5 111
112 41
112 27
99 113
29 113
45 114
114 15
87 115
15 115
63 116
38 116
117 6
117 17
118 2
23 118
5 119
119 2
67 120
120 1
33 121
7 121
122 110
122 102
123 7
2 123
124 5
124 2
2 125
125 19
14 126
126 51
127 19
110 127
128 7
128 51
129 8
98 129
130 94
58 130
125 131
65 131
5 132
72 132
133 53
133 9
134 4
5 134
103 135
19 135
136 1
9 136
68 137
110 137
138 42
106 138
139 131
139 60
140 68
140 10
141 34
5 141
24 142
16 142
41 143
133 143
144 98
50 144
76 145
145 13
102 146
80 146
147 21
147 75
148 105
1 148
149 76
16 149
150 19
124 150
151 44
151 136
61 152
152 9
153 41
3 153
39 154
154 2
155 4
155 2
156 9
156 5
12 157
157 37
6 158
73 158
159 1
82 159
13 160
15 160
110 161
161 146
162 54
76 162
95 163
163 10
164 155
66 164
165 99
84 165
9 166
166 15
167 47
167 3
122 168
21 168
169 17
10 169
48 170
170 5
