28 18 0.86073
28 43 0.80172
28 48 0.97623
28 53 0.34157
28 58 0.94452
28 60 0.9071
28 61 0.21247
28 73 0.56783
28 84 0.22511
28 88 0.72095
28 89 0.33328
28 94 0.86363
28 96 0.18898
28 107 0.53643
28 112 0.79763
28 115 0.78744
28 116 0.26734
28 119 0.52486
28 125 0.63902
28 128 0.98969
28 129 0.76065
28 133 0.70062
28 148 0.98571
28 154 0.44252
28 159 0.55893
28 164 0.37055
28 165 0.55221
28 168 0.00053
42 18 0.74849
42 43 0.57301
42 48 0.13823
42 53 0.26695
42 58 0.30288
42 60 0.19804
42 61 0.97871
42 73 0.08882
42 84 0.15683
42 88 0.0622
42 89 0.45795
42 94 0.32139
42 96 0.20443
42 107 0.47963
42 112 0.07228
42 115 0.03446
42 116 0.84385
42 119 0.41058
42 125 0.02837
42 128 0.68676
42 129 0.46895
42 133 0.70148
42 148 0.90224
42 154 0.87488
42 159 0.6857
42 164 0.74449
42 165 0.89898
42 168 0.36609
49 18 0.8891
49 43 0.79204
49 48 0.51926
49 53 0.092
49 58 0.26261
49 60 0.23269
49 61 0.0708
49 73 0.9914
49 84 0.28795
49 88 0.03106
49 89 0.2506
49 94 0.04737
49 96 0.18035
49 107 0.17897
49 112 0.83867
49 115 0.36283
49 116 0.02875
49 119 0.4799
49 125 0.4806
49 128 0.95013
49 129 0.97613
49 133 0.39811
49 148 0.51093
49 154 0.91238
49 159 0.20775
49 164 0.87433
49 165 0.83493
49 168 0.43095
52 18 0.54372
52 43 0.50976
52 48 0.46682
52 53 0.44773
52 58 0.56437
52 60 0.90733
52 61 0.38809
52 73 0.75706
52 84 0.62669
52 88 0.86493
52 89 0.02524
52 94 0.71875
52 96 0.65282
52 107 0.23841
52 112 0.20436
52 115 0.0461
52 116 0.23239
52 119 0.73842
52 125 0.2224
52 128 0.14779
52 129 0.20423
52 133 0.76191
52 148 0.89146
52 154 0.35971
52 159 0.16155
52 164 0.80179
52 165 0.89628
52 168 0.26925
55 18 0.59859
55 43 0.95652
55 48 0.1499
55 53 0.97417
55 58 0.47255
55 60 0.93952
55 61 0.56201
55 73 0.96495
55 84 0.74963
55 88 0.57427
55 89 0.46198
55 94 0.96791
55 96 0.45015
55 107 0.63657
55 112 0.02636
55 115 0.32788
55 116 0.56808
55 119 0.31245
55 125 0.70095
55 128 0.05758
55 129 0.98938
55 133 0.779
55 148 0.80004
55 154 0.86483
55 159 0.61562
55 164 0.50092
55 165 0.75359
55 168 0.75134
68 18 0.1786
68 43 0.34489
68 48 0.79546
68 53 0.9726
68 58 0.72246
68 60 0.55424
68 61 0.75853
68 73 0.11401
68 84 0.19566
68 88 0.95047
68 89 0.37487
68 94 0.20634
68 96 0.12809
68 107 0.16989
68 112 0.28549
68 115 0.87319
68 116 0.9254
68 119 0.38392
68 125 0.10845
68 128 0.03687
68 129 0.4744
68 133 0.45912
68 148 0.83299
68 154 0.84388
68 159 0.99467
68 164 0.23294
68 165 0.96094
68 168 0.37296
69 18 0.84478
69 43 0.84357
69 48 0.53146
69 53 0.70688
69 58 0.20851
69 60 0.31391
69 61 0.89192
69 73 0.50086
69 84 0.1095
69 88 0.24142
69 89 0.36442
69 94 0.40593
69 96 0.54192
69 107 0.90561
69 112 0.11993
69 115 0.33648
69 116 0.64068
69 119 0.88644
69 125 0.30067
69 128 0.64537
69 129 0.1577
69 133 0.27321
69 148 0.58402
69 154 0.3082
69 159 0.9744
69 164 0.87877
69 165 0.21517
69 168 0.82873
71 18 0.45091
71 43 0.32025
71 48 0.2156
71 53 0.74955
71 58 0.59154
71 60 0.34771
71 61 0.09752
71 73 0.72234
71 84 0.28167
71 88 0.93117
71 89 0.14178
71 94 0.8007
71 96 0.56827
71 107 0.37503
71 112 0.92958
71 115 0.12512
71 116 0.09576
71 119 0.05272
71 125 0.77227
71 128 0.29868
71 129 0.21829
71 133 0.82203
71 148 0.28903
71 154 0.03986
71 159 0.3015
71 164 0.72989
71 165 0.29132
71 168 0.11612
76 18 0.52886
76 43 0.32188
76 48 0.92699
76 53 0.57679
76 58 0.55306
76 60 0.8487
76 61 0.33789
76 73 0.92598
76 84 0.15626
76 88 0.20083
76 89 0.31733
76 94 0.08794
76 96 0.6802
76 107 0.16746
76 112 0.458
76 115 0.48617
76 116 0.56027
76 119 0.6515
76 125 0.05567
76 128 0.0627
76 129 0.53156
76 133 0.77143
76 148 0.2548
76 154 0.59345
76 159 0.07249
76 164 0.40285
76 165 0.53642
76 168 0.58349
92 18 0.38043
92 43 0.53108
92 48 0.64132
92 53 0.72939
92 58 0.47932
92 60 0.27613
92 61 0.86266
92 73 0.51561
92 84 0.84329
92 88 0.46902
92 89 0.34442
92 94 0.26911
92 96 0.74022
92 107 0.10761
92 112 0.93381
92 115 0.30836
92 116 0.56261
92 119 0.43548
92 125 0.78767
92 128 0.15812
92 129 0.6617
92 133 0.49929
92 148 0.84355
92 154 0.72002
92 159 0.78265
92 164 0.36339
92 165 0.17788
92 168 0.41574
98 18 0.53789
98 43 0.78513
98 48 0.08018
98 53 0.90128
98 58 0.89755
98 60 0.59729
98 61 0.65005
98 73 0.61593
98 84 0.86973
98 88 0.11425
98 89 0.59068
98 94 0.80317
98 96 0.79435
98 107 0.00926
98 112 0.25623
98 115 0.18002
98 116 0.30911
98 119 0.03187
98 125 0.21841
98 128 0.64582
98 129 0.35367
98 133 0.95215
98 148 0.83382
98 154 0.81583
98 159 0.98569
98 164 0.56163
98 165 0.63984
98 168 0.55582
102 18 0.27322
102 43 0.0367
102 48 0.73735
102 53 0.25764
102 58 0.05528
102 60 0.50214
102 61 0.38921
102 73 0.20026
102 84 0.90632
102 88 0.16125
102 89 0.29868
102 94 0.46474
102 96 0.65735
102 107 0.31167
102 112 0.70299
102 115 0.98449
102 116 0.70897
102 119 0.24388
102 125 0.92429
102 128 0.69626
102 129 0.5396
102 133 0.25431
102 148 0.2595
102 154 0.15879
102 159 0.78533
102 164 0.88694
102 165 0.82042
102 168 0.44282
108 18 0.35003
108 43 0.4952
108 48 0.0491
108 53 0.77299
108 58 0.32166
108 60 0.68315
108 61 0.06235
108 73 0.54515
108 84 0.95666
108 88 0.27249
108 89 0.45424
108 94 0.83753
108 96 0.6916
108 107 0.53645
108 112 0.61423
108 115 0.91072
108 116 0.17212
108 119 0.84614
108 125 0.64518
108 128 0.62803
108 129 0.35414
108 133 0.53558
108 148 0.04226
108 154 0.24933
108 159 0.41751
108 164 0.13783
108 165 0.44417
108 168 0.76253
114 18 0.27046
114 43 0.04716
114 48 0.8495
114 53 0.6534
114 58 0.51597
114 60 0.30897
114 61 0.41837
114 73 0.06102
114 84 0.14928
114 88 0.41809
114 89 0.00775
114 94 0.09686
114 96 0.76448
114 107 0.7716
114 112 0.94596
114 115 0.25649
114 116 0.35418
114 119 0.98788
114 125 0.0009
114 128 0.93357
114 129 0.48385
114 133 0.1284
114 148 0.60671
114 154 0.71893
114 159 0.57134
114 164 0.28917
114 165 0.6121
114 168 0.92374
117 18 0.5667
117 43 0.06347
117 48 0.77034
117 53 0.01259
117 58 0.54592
117 60 0.81291
117 61 0.09486
117 73 0.04536
117 84 0.425
117 88 0.41547
117 89 0.09133
117 94 0.69931
117 96 0.33798
117 107 0.23237
117 112 0.38095
117 115 0.52626
117 116 0.86094
117 119 0.24138
117 125 0.05684
117 128 0.27481
117 129 0.71286
117 133 0.22605
117 148 0.31726
117 154 0.81783
117 159 0.0125
117 164 0.55188
117 165 0.92307
117 168 0.35159
122 18 0.24793
122 43 0.71109
122 48 0.36451
122 53 0.98326
122 58 0.87854
122 60 0.14391
122 61 0.21127
122 73 0.46769
122 84 0.82078
122 88 0.97932
122 89 0.99099
122 94 0.32153
122 96 0.13285
122 107 0.82652
122 112 0.22115
122 115 0.62459
122 116 0.18216
122 119 0.24708
122 125 0.14102
122 128 0.88365
122 129 0.81238
122 133 0.27864
122 148 0.86346
122 154 0.7943
122 159 0.9612
122 164 0.43905
122 165 0.50768
122 168 0.44075
130 18 0.49115
130 43 0.31461
130 48 0.80511
130 53 0.71663
130 58 0.65325
130 60 0.16869
130 61 0.99684
130 73 0.0837
130 84 0.3976
130 88 0.77502
130 89 0.50208
130 94 0.27798
130 96 0.74974
130 107 0.8228
130 112 0.46575
130 115 0.87642
130 116 0.761
130 119 0.11808
130 125 0.95411
130 128 0.29092
130 129 0.23901
130 133 0.8051
130 148 0.50949
130 154 0.85019
130 159 0.96047
130 164 0.01391
130 165 0.73679
130 168 0.97775
134 18 0.72058
134 43 0.07734
134 48 0.20061
134 53 0.59706
134 58 0.22214
134 60 0.49505
134 61 0.779
134 73 0.01417
134 84 0.06354
134 88 0.6283
134 89 0.89935
134 94 0.46835
134 96 0.29249
134 107 0.41286
134 112 0.23769
134 115 0.16465
134 116 0.35259
134 119 0.59753
134 125 0.87966
134 128 0.47558
134 129 0.4071
134 133 0.80536
134 148 0.69826
134 154 0.4467
134 159 0.85113
134 164 0.76506
134 165 0.27231
134 168 0.16072
138 18 0.55945
138 43 0.24944
138 48 0.45671
138 53 0.26812
138 58 0.34717
138 60 0.50623
138 61 0.71209
138 73 0.57452
138 84 0.49076
138 88 0.98073
138 89 0.51502
138 94 0.42993
138 96 0.77159
138 107 0.28287
138 112 0.07443
138 115 0.09631
138 116 0.22099
138 119 0.14262
138 125 0.00242
138 128 0.38174
138 129 0.5744
138 133 0.05273
138 148 0.66816
138 154 0.55145
138 159 0.30256
138 164 0.20696
138 165 0.38609
138 168 0.54348
147 18 0.87146
147 43 0.59235
147 48 0.22702
147 53 0.56771
147 58 0.15012
147 60 0.97791
147 61 0.40278
147 73 0.73383
147 84 0.82883
147 88 0.96349
147 89 0.80128
147 94 0.62406
147 96 0.23632
147 107 0.84012
147 112 0.3838
147 115 0.54005
147 116 0.60231
147 119 0.2908
147 125 0.8803
147 128 0.56925
147 129 0.10685
147 133 0.67096
147 148 0.09524
147 154 0.56307
147 159 0.50463
147 164 0.79805
147 165 0.07717
147 168 0.14696
153 18 0.42063
153 43 0.3107
153 48 0.04484
153 53 0.07221
153 58 0.51196
153 60 0.35559
153 61 0.37468
153 73 0.79875
153 84 0.13898
153 88 0.49664
153 89 0.51646
153 94 0.86096
153 96 0.16569
153 107 0.28797
153 112 0.65149
153 115 0.20215
153 116 0.32951
153 119 0.8238
153 125 0.1914
153 128 0.55802
153 129 0.39931
153 133 0.39289
153 148 0.59914
153 154 0.36037
153 159 0.72296
153 164 0.74567
153 165 0.72386
153 168 0.98817
156 18 0.52088
156 43 0.98843
156 48 0.1262
156 53 0.62363
156 58 0.33606
156 60 0.73571
156 61 0.36417
156 73 0.76275
156 84 0.76992
156 88 0.79673
156 89 0.03754
156 94 0.44725
156 96 0.15009
156 107 0.97496
156 112 0.10622
156 115 0.1105
156 116 0.57154
156 119 0.97924
156 125 0.51817
156 128 0.39089
156 129 0.94887
156 133 0.36625
156 148 0.54629
156 154 0.81237
156 159 0.88102
156 164 0.78913
156 165 0.66802
156 168 0.0113
157 18 0.22664
157 43 0.35304
157 48 0.88424
157 53 0.76356
157 58 0.35085
157 60 0.63233
157 61 0.24028
157 73 0.31769
157 84 0.47708
157 88 0.63397
157 89 0.01335
157 94 0.70517
157 96 0.5193
157 107 0.44417
157 112 0.20282
157 115 0.96522
157 116 0.00378
157 119 0.39115
157 125 0.4604
157 128 0.07913
157 129 0.36639
157 133 0.8934
157 148 0.61435
157 154 0.98605
157 159 0.11646
157 164 0.80902
157 165 0.94535
157 168 0.26158
167 18 0.8908
167 43 0.725
167 48 0.97596
167 53 0.22216
167 58 0.72605
167 60 0.11994
167 61 0.94992
167 73 0.58886
167 84 0.20255
167 88 0.62793
167 89 0.09071
167 94 0.26352
167 96 0.32414
167 107 0.74288
167 112 0.25832
167 115 0.73251
167 116 0.53577
167 119 0.74513
167 125 0.04564
167 128 0.35299
167 129 0.55658
167 133 0.60794
167 148 0.9718
167 154 0.47452
167 159 0.31086
167 164 0.30928
167 165 0.58437
167 168 0.69288
