21 19 0.69384
21 22 0.68049
21 27 0.92542
21 28 0.35485
21 35 0.6024
21 58 0.94151
21 61 0.42513
21 62 0.35529
21 66 0.15867
21 69 0.82467
21 70 0.30831
21 72 0.44703
21 73 0.14303
21 76 0.60278
21 79 0.07831
21 85 0.98297
21 88 0.86502
21 89 0.35688
21 91 0.88202
21 103 0.92985
21 109 0.40244
21 110 0.18504
21 114 0.08469
21 116 0.83016
21 119 0.72341
39 19 0.37635
39 22 0.93038
39 27 0.20378
39 28 0.73465
39 35 0.18211
39 58 0.34631
39 61 0.26502
39 62 0.31325
39 66 0.50498
39 69 0.66452
39 70 0.37203
39 72 0.12129
39 73 0.63796
39 76 0.39182
39 79 0.82051
39 85 0.36501
39 88 0.49738
39 89 0.72596
39 91 0.35757
39 103 0.95176
39 109 0.85212
39 110 0.80835
39 114 0.46861
39 116 0.57298
39 119 0.61776
41 19 0.95749
41 22 0.85828
41 27 0.31981
41 28 0.34035
41 35 0.39045
41 58 0.5656
41 61 0.40798
41 62 0.44807
41 66 0.06628
41 69 0.20235
41 70 0.57016
41 72 0.62218
41 73 0.83865
41 76 0.76866
41 79 0.15463
41 85 0.23177
41 88 0.46667
41 89 0.13469
41 91 0.33612
41 103 0.97961
41 109 0.15106
41 110 0.38242
41 114 0.70612
41 116 0.89325
41 119 0.13309
42 19 0.11706
42 22 0.9922
42 27 0.73712
42 28 0.02339
42 35 0.52908
42 58 0.00103
42 61 0.39048
42 62 0.88948
42 66 0.65194
42 69 0.07375
42 70 0.68985
42 72 0.78638
42 73 0.322
42 76 0.81225
42 79 0.35514
42 85 0.51367
42 88 0.30608
42 89 0.64078
42 91 0.4057
42 103 0.04152
42 109 0.27238
42 110 0.90032
42 114 0.09501
42 116 0.33517
42 119 0.53196
45 19 0.86848
45 22 0.98571
45 27 0.30793
45 28 0.97258
45 35 0.12055
45 58 0.03573
45 61 0.01051
45 62 0.69494
45 66 0.40845
45 69 0.33955
45 70 0.07268
45 72 0.54655
45 73 0.84401
45 76 0.30406
45 79 0.29935
45 85 0.71537
45 88 0.333
45 89 0.93199
45 91 0.48394
45 103 0.19706
45 109 0.31259
45 110 0.46879
45 114 0.48623
45 116 0.48597
45 119 0.78194
46 19 0.71797
46 22 0.30134
46 27 0.50031
46 28 0.38229
46 35 0.69676
46 58 0.73782
46 61 0.51712
46 62 0.74459
46 66 0.02205
46 69 0.70735
46 70 0.02999
46 72 0.34729
46 73 0.41397
46 76 0.68041
46 79 0.2457
46 85 0.52892
46 88 0.9945
46 89 0.51925
46 91 0.75433
46 103 0.95151
46 109 0.02282
46 110 0.48348
46 114 0.98821
46 116 0.2363
46 119 0.55444
48 19 0.55081
48 22 0.32033
48 27 0.3048
48 28 0.31578
48 35 0.99977
48 58 0.38867
48 61 0.03748
48 62 0.17681
48 66 0.5514
48 69 0.57893
48 70 0.08366
48 72 0.04005
48 73 0.63462
48 76 0.18648
48 79 0.90657
48 85 0.79144
48 88 0.89208
48 89 0.29854
48 91 0.38544
48 103 0.01144
48 109 0.02782
48 110 0.79912
48 114 0.45658
48 116 0.50676
48 119 0.65998
49 19 0.90403
49 22 0.2953
49 27 0.27007
49 28 0.72677
49 35 0.87129
49 58 0.48149
49 61 0.1575
49 62 0.48546
49 66 0.90738
49 69 0.14245
49 70 0.37848
49 72 0.54729
49 73 0.58847
49 76 0.95196
49 79 0.21329
49 85 0.91215
49 88 0.75225
49 89 0.60788
49 91 0.45416
49 103 0.5874
49 109 0.13389
49 110 0.85414
49 114 0.81683
49 116 0.26175
49 119 0.95528
50 19 0.9949
50 22 0.02142
50 27 0.9699
50 28 0.56534
50 35 0.01042
50 58 0.98748
50 61 0.14868
50 62 0.01404
50 66 0.67613
50 69 0.67301
50 70 0.94763
50 72 0.65672
50 73 0.74496
50 76 0.50382
50 79 0.96274
50 85 0.13612
50 88 0.30647
50 89 0.32129
50 91 0.4614
50 103 0.83841
50 109 0.99914
50 110 0.26462
50 114 0.48098
50 116 0.96458
50 119 0.35897
59 19 0.90665
59 22 0.54224
59 27 0.89764
59 28 0.47475
59 35 0.53503
59 58 0.68577
59 61 0.81874
59 62 0.40864
59 66 0.65051
59 69 0.91559
59 70 0.81667
59 72 0.88807
59 73 0.10892
59 76 0.05133
59 79 0.73801
59 85 0.21166
59 88 0.00368
59 89 0.74576
59 91 0.82537
59 103 0.59726
59 109 0.63378
59 110 0.49889
59 114 0.88185
59 116 0.23322
59 119 0.13417
74 19 0.25932
74 22 0.99264
74 27 0.96404
74 28 0.80106
74 35 0.17471
74 58 0.21336
74 61 0.42191
74 62 0.66948
74 66 0.08497
74 69 0.90747
74 70 0.29419
74 72 0.79887
74 73 0.49039
74 76 0.91704
74 79 0.5407
74 85 0.67813
74 88 0.04057
74 89 0.15403
74 91 0.06003
74 103 0.81901
74 109 0.97951
74 110 0.21289
74 114 0.18079
74 116 0.6076
74 119 0.20656
75 19 0.42622
75 22 0.71008
75 27 0.46965
75 28 0.82254
75 35 0.07032
75 58 0.772
75 61 0.59307
75 62 0.3822
75 66 0.9513
75 69 0.06789
75 70 0.17168
75 72 0.18254
75 73 0.4667
75 76 0.43154
75 79 0.87855
75 85 0.26045
75 88 0.19069
75 89 0.73344
75 91 0.97027
75 103 0.40901
75 109 0.98781
75 110 0.71526
75 114 0.03999
75 116 0.60311
75 119 0.89872
78 19 0.14223
78 22 0.59797
78 27 0.42118
78 28 0.10323
78 35 0.03794
78 58 0.75465
78 61 0.17733
78 62 0.1796
78 66 0.29282
78 69 0.5586
78 70 0.93424
78 72 0.59023
78 73 0.92014
78 76 0.50026
78 79 0.381
78 85 0.36058
78 88 0.89611
78 89 0.25262
78 91 0.28088
78 103 0.82942
78 109 0.0142
78 110 0.51277
78 114 0.6715
78 116 0.16242
78 119 0.93787
81 19 0.12432
81 22 0.56721
81 27 0.65137
81 28 0.12368
81 35 0.80264
81 58 0.60764
81 61 0.06096
81 62 0.77575
81 66 0.6601
81 69 0.5709
81 70 0.09851
81 72 0.91544
81 73 0.74822
81 76 0.41643
81 79 0.09043
81 85 0.6844
81 88 0.11253
81 89 0.41999
81 91 0.50824
81 103 0.46377
81 109 0.24165
81 110 0.49607
81 114 0.28001
81 116 0.07272
81 119 0.00432
84 19 0.22068
84 22 0.44912
84 27 0.8678
84 28 0.92195
84 35 0.53897
84 58 0.32894
84 61 0.86366
84 62 0.72439
84 66 0.82179
84 69 0.75978
84 70 0.75355
84 72 0.96806
84 73 0.59135
84 76 0.68613
84 79 0.17912
84 85 0.1646
84 88 0.93384
84 89 0.78256
84 91 0.77415
84 103 0.34493
84 109 0.932
84 110 0.4493
84 114 0.84946
84 116 0.43199
84 119 0.68107
90 19 0.47058
90 22 0.07993
90 27 0.57173
90 28 0.4071
90 35 0.89998
90 58 0.76408
90 61 0.32301
90 62 0.69205
90 66 0.63957
90 69 0.80226
90 70 0.7649
90 72 0.10507
90 73 0.33984
90 76 0.73839
90 79 0.99519
90 85 0.416
90 88 0.16626
90 89 0.92619
90 91 0.80895
90 103 0.00794
90 109 0.4682
90 110 0.25399
90 114 0.86052
90 116 0.42954
90 119 0.22751
92 19 0.90531
92 22 0.41043
92 27 0.46101
92 28 0.77546
92 35 0.85251
92 58 0.76099
92 61 0.07046
92 62 0.51937
92 66 0.85287
92 69 0.032
92 70 0.35674
92 72 0.59974
92 73 0.22944
92 76 0.08177
92 79 0.75409
92 85 0.02595
92 88 0.84643
92 89 0.79352
92 91 0.94223
92 103 0.99957
92 109 0.01503
92 110 0.79469
92 114 0.05355
92 116 0.35985
92 119 0.88533
95 19 0.44308
95 22 0.21531
95 27 0.33967
95 28 0.98653
95 35 0.37079
95 58 0.26398
95 61 0.60262
95 62 0.42005
95 66 0.40903
95 69 0.82131
95 70 0.46637
95 72 0.16801
95 73 0.54176
95 76 0.60203
95 79 0.50035
95 85 0.77107
95 88 0.70244
95 89 0.28461
95 91 0.78188
95 103 0.70342
95 109 0.57028
95 110 0.86471
95 114 0.70575
95 116 0.65557
95 119 0.08273
98 19 0.4705
98 22 0.66282
98 27 0.80476
98 28 0.00406
98 35 0.15363
98 58 0.46178
98 61 0.456
98 62 0.62262
98 66 0.60521
98 69 0.13158
98 70 0.12829
98 72 0.46464
98 73 0.59821
98 76 0.70055
98 79 0.14464
98 85 0.31206
98 88 0.85758
98 89 0.41121
98 91 0.28368
98 103 0.43796
98 109 0.29594
98 110 0.62065
98 114 0.54037
98 116 0.45796
98 119 0.74087
99 19 0.01135
99 22 0.56604
99 27 0.48324
99 28 0.25609
99 35 0.87603
99 58 0.66973
99 61 0.77781
99 62 0.03467
99 66 0.09659
99 69 0.0903
99 70 0.91904
99 72 0.78541
99 73 0.79603
99 76 0.63916
99 79 0.25117
99 85 0.11299
99 88 0.87845
99 89 0.67853
99 91 0.32319
99 103 0.88055
99 109 0.96802
99 110 0.05136
99 114 0.23543
99 116 0.14566
99 119 0.93465
106 19 0.37122
106 22 0.54171
106 27 0.9201
106 28 0.29675
106 35 0.56477
106 58 0.67004
106 61 0.11046
106 62 0.59242
106 66 0.53651
106 69 0.68047
106 70 0.49006
106 72 0.45199
106 73 0.1066
106 76 0.55587
106 79 0.36248
106 85 0.3351
106 88 0.80426
106 89 0.68675
106 91 0.65949
106 103 0.12411
106 109 0.95562
106 110 0.40232
106 114 0.12449
106 116 0.67373
106 119 0.61135
112 19 0.53546
112 22 0.0795
112 27 0.6228
112 28 0.43748
112 35 0.54896
112 58 0.89777
112 61 0.63194
112 62 0.82715
112 66 0.20984
112 69 0.99344
112 70 0.45312
112 72 0.87212
112 73 0.74784
112 76 0.56039
112 79 0.23629
112 85 0.93589
112 88 0.41018
112 89 0.10898
112 91 0.19073
112 103 0.69645
112 109 0.93296
112 110 0.59381
112 114 0.51418
112 116 0.41257
112 119 0.93614
115 19 0.96005
115 22 0.57348
115 27 0.50586
115 28 0.93283
115 35 0.22706
115 58 0.55851
115 61 0.03597
115 62 0.40695
115 66 0.04836
115 69 0.95312
115 70 0.84682
115 72 0.9514
115 73 0.61193
115 76 0.60195
115 79 0.08531
115 85 0.82859
115 88 0.67728
115 89 0.3694
115 91 0.65265
115 103 0.88147
115 109 0.27148
115 110 0.4114
115 114 0.27298
115 116 0.83111
115 119 0.51429
120 19 0.72992
120 22 0.83459
120 27 0.7089
120 28 0.39589
120 35 0.75533
120 58 0.32607
120 61 0.36302
120 62 0.15588
120 66 0.79013
120 69 0.32444
120 70 0.69122
120 72 0.48896
120 73 0.02012
120 76 0.45994
120 79 0.33416
120 85 0.15091
120 88 0.31232
120 89 0.95334
120 91 0.0718
120 103 0.36755
120 109 0.55352
120 110 0.07299
120 114 0.00608
120 116 0.59766
120 119 0.44481
