21 19 0.32066
21 22 0.87626
21 27 0.44943
21 28 0.16711
21 34 0.30044
21 35 0.92371
21 58 0.79641
21 61 0.36193
21 62 0.52449
21 66 0.63845
21 69 0.03826
21 70 0.2171
21 72 0.66052
21 73 0.92264
21 76 0.05603
21 79 0.65753
21 85 0.0077
21 88 0.62227
21 89 0.32203
21 91 0.06957
21 96 0.28414
21 103 0.61294
21 109 0.40832
21 110 0.10029
39 19 0.75754
39 22 0.95153
39 27 0.51211
39 28 0.61861
39 34 0.17917
39 35 0.71199
39 58 0.21533
39 61 0.81234
39 62 0.29894
39 66 0.77216
39 69 0.51442
39 70 0.23137
39 72 0.49055
39 73 0.8822
39 76 0.73011
39 79 0.55671
39 85 0.53296
39 88 0.22758
39 89 0.24174
39 91 0.12816
39 96 0.61356
39 103 0.4271
39 109 0.53391
39 110 0.26865
41 19 0.03175
41 22 0.5054
41 27 0.20809
41 28 0.70559
41 34 0.77508
41 35 0.98393
41 58 0.69162
41 61 0.65256
41 62 0.9064
41 66 0.0715
41 69 0.89281
41 70 0.90748
41 72 0.87275
41 73 0.67263
41 76 0.74458
41 79 0.06991
41 85 0.5317
41 88 0.0375
41 89 0.87975
41 91 0.47381
41 96 0.86777
41 103 0.99909
41 109 0.53842
41 110 0.93734
42 19 0.52036
42 22 0.5937
42 27 0.80887
42 28 0.89961
42 34 0.07495
42 35 0.26206
42 58 0.95469
42 61 0.61981
42 62 0.75328
42 66 0.07967
42 69 0.10869
42 70 0.27543
42 72 0.34902
42 73 0.70998
42 76 0.52811
42 79 0.8413
42 85 0.1637
42 88 0.59871
42 89 0.84572
42 91 0.03028
42 96 0.17206
42 103 0.15448
42 109 0.89186
42 110 0.02139
45 19 0.48
45 22 0.41587
45 27 0.50952
45 28 0.47068
45 34 0.48274
45 35 0.29048
45 58 0.30188
45 61 0.19467
45 62 0.0506
45 66 0.64425
45 69 0.71136
45 70 0.52712
45 72 0.47057
45 73 0.37723
45 76 0.78556
45 79 0.61293
45 85 0.52764
45 88 0.11036
45 89 0.62823
45 91 0.79012
45 96 0.80548
45 103 0.95274
45 109 0.26075
45 110 0.0585
46 19 0.93907
46 22 0.98196
46 27 0.09673
46 28 0.36123
46 34 0.62308
46 35 0.1359
46 58 0.09111
46 61 0.97582
46 62 0.79823
46 66 0.23593
46 69 0.39158
46 70 0.09082
46 72 0.29681
46 73 0.95349
46 76 0.63355
46 79 0.68211
46 85 0.53396
46 88 0.16497
46 89 0.95606
46 91 0.90571
46 96 0.08841
46 103 0.19637
46 109 0.00302
46 110 0.81026
48 19 0.51607
48 22 0.83497
48 27 0.54402
48 28 0.16172
48 34 0.23938
48 35 0.89654
48 58 0.43163
48 61 0.16489
48 62 0.15356
48 66 0.60804
48 69 0.58627
48 70 0.72974
48 72 0.15979
48 73 0.29621
48 76 0.02956
48 79 0.28233
48 85 0.8622
48 88 0.3241
48 89 0.95611
48 91 0.8746
48 96 0.27461
48 103 0.73452
48 109 0.71088
48 110 0.70231
49 19 0.58781
49 22 0.04939
49 27 0.93467
49 28 0.84405
49 34 0.61151
49 35 0.4919
49 58 0.47822
49 61 0.8062
49 62 0.91089
49 66 0.24062
49 69 0.58032
49 70 0.18614
49 72 0.45665
49 73 0.07309
49 76 0.2408
49 79 0.98408
49 85 0.80857
49 88 0.09901
49 89 0.801
49 91 0.65996
49 96 0.33413
49 103 0.03271
49 109 0.56261
49 110 0.09446
50 19 0.87835
50 22 0.81613
50 27 0.86089
50 28 0.73785
50 34 0.56063
50 35 0.98634
50 58 0.4367
50 61 0.67845
50 62 0.99459
50 66 0.6246
50 69 0.52373
50 70 0.96555
50 72 0.60248
50 73 0.71438
50 76 0.21177
50 79 0.08924
50 85 0.83748
50 88 0.13251
50 89 0.97068
50 91 0.60233
50 96 0.83012
50 103 0.67771
50 109 0.82063
50 110 0.42516
59 19 0.63638
59 22 0.58491
59 27 0.60481
59 28 0.87771
59 34 0.3999
59 35 0.07231
59 58 0.98297
59 61 0.83693
59 62 0.79768
59 66 0.3593
59 69 0.60946
59 70 0.25064
59 72 0.57023
59 73 0.43025
59 76 0.58919
59 79 0.48974
59 85 0.20277
59 88 0.28185
59 89 0.71727
59 91 0.62386
59 96 0.84838
59 103 0.88023
59 109 0.70719
59 110 0.83695
74 19 0.47513
74 22 0.98026
74 27 0.14325
74 28 0.81687
74 34 0.92012
74 35 0.9669
74 58 0.8492
74 61 0.07431
74 62 0.72293
74 66 0.48602
74 69 0.02439
74 70 0.49655
74 72 0.28339
74 73 0.29482
74 76 0.92125
74 79 0.56269
74 85 0.01685
74 88 0.82468
74 89 0.02547
74 91 0.98238
74 96 0.0855
74 103 0.26555
74 109 0.83647
74 110 0.70354
75 19 0.78801
75 22 0.67969
75 27 0.88068
75 28 0.37608
75 34 0.03389
75 35 0.5752
75 58 0.71818
75 61 0.6574
75 62 0.62393
75 66 0.97109
75 69 0.06674
75 70 0.67667
75 72 0.59413
75 73 0.92163
75 76 0.12696
75 79 0.01215
75 85 0.01849
75 88 0.86898
75 89 0.55064
75 91 0.10982
75 96 0.5121
75 103 0.87022
75 109 0.10712
75 110 0.00946
78 19 0.36699
78 22 0.27496
78 27 0.24947
78 28 0.65879
78 34 0.90769
78 35 0.41411
78 58 0.67207
78 61 0.08606
78 62 0.01646
78 66 0.00511
78 69 0.36367
78 70 0.80213
78 72 0.20011
78 73 0.36376
78 76 0.62546
78 79 0.16845
78 85 0.22425
78 88 0.10131
78 89 0.09414
78 91 0.57761
78 96 0.70178
78 103 0.85923
78 109 0.27338
78 110 0.26155
81 19 0.89466
81 22 0.85179
81 27 0.70817
81 28 0.45385
81 34 0.44591
81 35 0.30032
81 58 0.06473
81 61 0.30054
81 62 0.51655
81 66 0.46918
81 69 0.06633
81 70 0.0587
81 72 0.02569
81 73 0.10059
81 76 0.0657
81 79 0.4401
81 85 0.81532
81 88 0.75638
81 89 0.89773
81 91 0.68038
81 96 0.87122
81 103 0.31048
81 109 0.30408
81 110 0.52252
84 19 0.90329
84 22 0.3311
84 27 0.61906
84 28 0.7642
84 34 0.4283
84 35 0.71867
84 58 0.62694
84 61 0.11289
84 62 0.46864
84 66 0.40654
84 69 0.51969
84 70 0.69376
84 72 0.98727
84 73 0.35153
84 76 0.36793
84 79 0.52952
84 85 0.68938
84 88 0.59154
84 89 0.97443
84 91 0.63174
84 96 0.53864
84 103 0.54015
84 109 0.88826
84 110 0.61726
90 19 0.20722
90 22 0.39445
90 27 0.75595
90 28 0.70432
90 34 0.68248
90 35 0.97315
90 58 0.56081
90 61 0.58835
90 62 0.16231
90 66 0.75484
90 69 0.21239
90 70 0.09046
90 72 0.03607
90 73 0.15777
90 76 0.34926
90 79 0.95715
90 85 0.02715
90 88 0.9823
90 89 0.80537
90 91 0.75158
90 96 0.36307
90 103 0.876
90 109 0.84871
90 110 0.26144
92 19 0.84977
92 22 0.63936
92 27 0.77832
92 28 0.08071
92 34 0.87524
92 35 0.67624
92 58 0.30894
92 61 0.66713
92 62 0.5506
92 66 0.98069
92 69 0.90365
92 70 0.45913
92 72 0.28924
92 73 0.69215
92 76 0.8331
92 79 0.83514
92 85 0.34348
92 88 0.58575
92 89 0.97223
92 91 0.85692
92 96 0.64022
92 103 0.58467
92 109 0.95834
92 110 0.56
95 19 0.12986
95 22 0.54119
95 27 0.22513
95 28 0.59472
95 34 0.42387
95 35 0.06481
95 58 0.58762
95 61 0.2565
95 62 0.4279
95 66 0.91285
95 69 0.05867
95 70 0.13092
95 72 0.04245
95 73 0.57175
95 76 0.71134
95 79 0.49234
95 85 0.25563
95 88 0.23782
95 89 0.79786
95 91 0.19818
95 96 0.3157
95 103 0.96068
95 109 0.959
95 110 0.82524
98 19 0.4536
98 22 0.95383
98 27 0.97663
98 28 0.61498
98 34 0.61738
98 35 0.67054
98 58 0.92067
98 61 0.98488
98 62 0.09969
98 66 0.14217
98 69 0.22933
98 70 0.43421
98 72 0.67097
98 73 0.74274
98 76 0.24544
98 79 0.55264
98 85 0.67375
98 88 0.81675
98 89 0.90125
98 91 0.04329
98 96 0.01688
98 103 0.96183
98 109 0.11482
98 110 0.55836
99 19 0.72862
99 22 0.0475
99 27 0.489
99 28 0.95328
99 34 0.41163
99 35 0.23848
99 58 0.42907
99 61 0.5532
99 62 0.12655
99 66 0.36841
99 69 0.76265
99 70 0.36702
99 72 0.37047
99 73 0.0552
99 76 0.32316
99 79 0.863
99 85 0.68973
99 88 0.0309
99 89 0.54147
99 91 0.28111
99 96 0.66358
99 103 0.78543
99 109 0.76978
99 110 0.93524
106 19 0.26766
106 22 0.99223
106 27 0.59952
106 28 0.94713
106 34 0.8514
106 35 0.01289
106 58 0.18401
106 61 0.4482
106 62 0.07021
106 66 0.01802
106 69 0.90946
106 70 0.27166
106 72 0.1352
106 73 0.8072
106 76 0.30939
106 79 0.86901
106 85 0.23088
106 88 0.65692
106 89 0.17947
106 91 0.01381
106 96 0.33532
106 103 0.82191
106 109 0.4017
106 110 0.94342
