51 13 0.92564
51 31 0.07347
51 57 0.68471
51 73 0.16684
51 77 0.77315
51 80 0.16409
51 81 0.88303
51 87 0.58283
51 104 0.24676
51 106 0.25984
51 108 0.98132
51 123 0.48214
51 132 0.04662
51 133 0.94605
51 138 0.36583
51 143 0.64569
51 144 0.44233
51 145 0.73897
51 148 0.84995
51 165 0.34844
51 170 0.99909
51 178 0.27416
51 179 0.10123
51 182 0.84196
51 184 0.24214
51 188 0.9584
52 13 0.45624
52 31 0.05485
52 57 0.7549
52 73 0.05262
52 77 0.34838
52 80 0.6412
52 81 0.33352
52 87 0.80745
52 104 0.77884
52 106 0.39335
52 108 0.16753
52 123 0.49539
52 132 0.01258
52 133 0.43604
52 138 0.4022
52 143 0.93966
52 144 0.6438
52 145 0.7293
52 148 0.12237
52 165 0.51203
52 170 0.92655
52 178 0.6703
52 179 0.3311
52 182 0.53263
52 184 0.42023
52 188 0.73414
55 13 0.35287
55 31 0.12583
55 57 0.48741
55 73 0.5244
55 77 0.10413
55 80 0.92284
55 81 0.30765
55 87 0.82759
55 104 0.9476
55 106 0.15906
55 108 0.06881
55 123 0.69647
55 132 0.55156
55 133 0.22203
55 138 0.49483
55 143 0.18243
55 144 0.58362
55 145 0.89553
55 148 0.51553
55 165 0.25144
55 170 0.19566
55 178 0.81733
55 179 0.05993
55 182 0.71029
55 184 0.57404
55 188 0.60414
64 13 0.39993
64 31 0.31577
64 57 0.96523
64 73 0.33252
64 77 0.133
64 80 0.05997
64 81 0.20775
64 87 0.49015
64 104 0.9466
64 106 0.71824
64 108 0.10473
64 123 0.46566
64 132 0.00989
64 133 0.87624
64 138 0.67253
64 143 0.73249
64 144 0.11467
64 145 0.66356
64 148 0.46126
64 165 0.21081
64 170 0.13021
64 178 0.52232
64 179 0.93108
64 182 0.31172
64 184 0.29548
64 188 0.36844
65 13 0.59634
65 31 0.00055
65 57 0.48249
65 73 0.08581
65 77 0.71154
65 80 0.20265
65 81 0.12338
65 87 0.04117
65 104 0.95371
65 106 0.62639
65 108 0.09581
65 123 0.62553
65 132 0.55604
65 133 0.0811
65 138 0.06109
65 143 0.69779
65 144 0.66359
65 145 0.08013
65 148 0.21415
65 165 0.39364
65 170 0.69374
65 178 0.20154
65 179 0.75288
65 182 0.78854
65 184 0.76696
65 188 0.75526
76 13 0.10355
76 31 0.51078
76 57 0.93095
76 73 0.79486
76 77 0.68511
76 80 0.51125
76 81 0.88276
76 87 0.25743
76 104 0.98526
76 106 0.82059
76 108 0.45002
76 123 0.97245
76 132 0.58329
76 133 0.64403
76 138 0.57477
76 143 0.01033
76 144 0.96912
76 145 0.51045
76 148 0.59465
76 165 0.02976
76 170 0.94088
76 178 0.51574
76 179 0.24139
76 182 0.46687
76 184 0.89143
76 188 0.19674
82 13 0.16765
82 31 0.06775
82 57 0.32656
82 73 0.28698
82 77 0.23924
82 80 0.08986
82 81 0.87231
82 87 0.52689
82 104 0.19354
82 106 0.26972
82 108 0.62974
82 123 0.2863
82 132 0.44202
82 133 0.71426
82 138 0.8669
82 143 0.6934
82 144 0.4443
82 145 0.77722
82 148 0.25719
82 165 0.74209
82 170 0.91759
82 178 0.54547
82 179 0.63492
82 182 0.76578
82 184 0.25935
82 188 0.01548
85 13 0.31673
85 31 0.82191
85 57 0.90559
85 73 0.92403
85 77 0.14588
85 80 0.5785
85 81 0.4424
85 87 0.56252
85 104 0.52357
85 106 0.30845
85 108 0.54666
85 123 0.10271
85 132 0.11235
85 133 0.21349
85 138 0.35596
85 143 0.79126
85 144 0.7802
85 145 0.89845
85 148 0.66033
85 165 0.54297
85 170 0.99284
85 178 0.16024
85 179 0.96468
85 182 0.33145
85 184 0.20465
85 188 0.64773
89 13 0.84999
89 31 0.95536
89 57 0.57564
89 73 0.93917
89 77 0.03038
89 80 0.21046
89 81 0.47872
89 87 0.4931
89 104 0.11712
89 106 0.61421
89 108 0.86861
89 123 0.54846
89 132 0.58868
89 133 0.56053
89 138 0.91136
89 143 0.62579
89 144 0.18416
89 145 0.48605
89 148 0.37204
89 165 0.69577
89 170 0.21362
89 178 0.90395
89 179 0.85339
89 182 0.95968
89 184 0.21395
89 188 0.88182
100 13 0.83312
100 31 0.91129
100 57 0.27469
100 73 0.52096
100 77 0.68513
100 80 0.48567
100 81 0.70917
100 87 0.58781
100 104 0.54543
100 106 0.35884
100 108 0.77612
100 123 0.36006
100 132 0.27123
100 133 0.92634
100 138 0.58808
100 143 0.18775
100 144 0.267
100 145 0.74133
100 148 0.7435
100 165 0.81771
100 170 0.70984
100 178 0.08695
100 179 0.03461
100 182 0.06949
100 184 0.34268
100 188 0.57483
101 13 0.69508
101 31 0.93052
101 57 0.73488
101 73 0.79971
101 77 0.11699
101 80 0.46326
101 81 0.91544
101 87 0.58106
101 104 0.08048
101 106 0.56967
101 108 0.2014
101 123 0.24254
101 132 0.47519
101 133 0.34629
101 138 0.99549
101 143 0.00021
101 144 0.14003
101 145 0.29527
101 148 0.90347
101 165 0.66752
101 170 0.52927
101 178 0.14919
101 179 0.37124
101 182 0.62803
101 184 0.57983
101 188 0.11141
109 13 0.22137
109 31 0.36589
109 57 0.32315
109 73 0.81672
109 77 0.83235
109 80 0.19037
109 81 0.98683
109 87 0.41142
109 104 0.79114
109 106 0.26842
109 108 0.72665
109 123 0.34286
109 132 0.72997
109 133 0.35695
109 138 0.7477
109 143 0.79977
109 144 0.81879
109 145 0.10417
109 148 0.73577
109 165 0.75027
109 170 0.4267
109 178 0.03973
109 179 0.24767
109 182 0.48098
109 184 0.27698
109 188 0.3296
127 13 0.74284
127 31 0.99364
127 57 0.42565
127 73 0.20395
127 77 0.47513
127 80 0.19347
127 81 0.9958
127 87 0.6878
127 104 0.09072
127 106 0.29138
127 108 0.89551
127 123 0.95752
127 132 0.93798
127 133 0.04505
127 138 0.54552
127 143 0.90866
127 144 0.02076
127 145 0.93369
127 148 0.1172
127 165 0.43418
127 170 0.08693
127 178 0.17423
127 179 0.21499
127 182 0.02323
127 184 0.50083
127 188 0.97632
129 13 0.72409
129 31 0.55549
129 57 0.35775
129 73 0.44914
129 77 0.26536
129 80 0.87038
129 81 0.93993
129 87 0.62672
129 104 0.58356
129 106 0.81344
129 108 0.65207
129 123 0.51194
129 132 0.09766
129 133 0.3547
129 138 0.01495
129 143 0.52375
129 144 0.40958
129 145 0.31074
129 148 0.48814
129 165 0.01084
129 170 0.82112
129 178 0.78368
129 179 0.28809
129 182 0.7264
129 184 0.84299
129 188 0.49538
131 13 0.27633
131 31 0.61604
131 57 0.17742
131 73 0.23067
131 77 0.02394
131 80 0.55829
131 81 0.57756
131 87 0.71038
131 104 0.66615
131 106 0.65781
131 108 0.64721
131 123 0.53391
131 132 0.75578
131 133 0.09314
131 138 0.70356
131 143 0.92719
131 144 0.35371
131 145 0.30147
131 148 0.90843
131 165 0.61121
131 170 0.94116
131 178 0.49212
131 179 0.82936
131 182 0.51465
131 184 0.01967
131 188 0.78084
137 13 0.43063
137 31 0.87124
137 57 0.49077
137 73 0.39736
137 77 0.66881
137 80 0.47654
137 81 0.94402
137 87 0.31079
137 104 0.86551
137 106 0.25361
137 108 0.30339
137 123 0.37007
137 132 0.36739
137 133 0.20673
137 138 0.64249
137 143 0.39475
137 144 0.98871
137 145 0.79846
137 148 0.66669
137 165 0.8405
137 170 0.64482
137 178 0.59999
137 179 0.46746
137 182 0.56546
137 184 0.1943
137 188 0.13997
140 13 0.32813
140 31 0.40535
140 57 0.82005
140 73 0.13483
140 77 0.10546
140 80 0.9975
140 81 0.79181
140 87 0.90597
140 104 0.48704
140 106 0.0981
140 108 0.36294
140 123 0.61035
140 132 0.60047
140 133 0.34165
140 138 0.54904
140 143 0.3011
140 144 0.15757
140 145 0.29357
140 148 0.49342
140 165 0.90639
140 170 0.84296
140 178 0.71229
140 179 0.27208
140 182 0.58054
140 184 0.86722
140 188 0.47227
141 13 0.02505
141 31 0.1071
141 57 0.32327
141 73 0.27729
141 77 0.36006
141 80 0.32473
141 81 0.45599
141 87 0.68584
141 104 0.81166
141 106 0.38381
141 108 0.91018
141 123 0.37421
141 132 0.76331
141 133 0.81239
141 138 0.23006
141 143 0.2163
141 144 0.93246
141 145 0.81165
141 148 0.72424
141 165 0.8418
141 170 0.65934
141 178 0.5549
141 179 0.19312
141 182 0.91014
141 184 0.94321
141 188 0.03367
149 13 0.47082
149 31 0.08044
149 57 0.29263
149 73 0.26291
149 77 0.46816
149 80 0.93881
149 81 0.02514
149 87 0.23779
149 104 0.05484
149 106 0.8192
149 108 0.96485
149 123 0.98058
149 132 0.14988
149 133 0.40465
149 138 0.14291
149 143 0.48293
149 144 0.62072
149 145 0.97881
149 148 0.43755
149 165 0.09583
149 170 0.73412
149 178 0.85133
149 179 0.56443
149 182 0.73434
149 184 0.24179
149 188 0.74849
150 13 0.24191
150 31 0.6086
150 57 0.73391
150 73 0.01671
150 77 0.84997
150 80 0.18642
150 81 0.56369
150 87 0.85728
150 104 0.34558
150 106 0.39623
150 108 0.81542
150 123 0.66494
150 132 0.40675
150 133 0.67509
150 138 0.98918
150 143 0.89169
150 144 0.34092
150 145 0.74075
150 148 0.44651
150 165 0.21021
150 170 0.14306
150 178 0.55246
150 179 0.50753
150 182 0.03318
150 184 0.53535
150 188 0.25039
155 13 0.86312
155 31 0.33447
155 57 0.51116
155 73 0.60352
155 77 0.36543
155 80 0.21343
155 81 0.40683
155 87 0.19846
155 104 0.34598
155 106 0.45826
155 108 0.7545
155 123 0.51169
155 132 0.69262
155 133 0.15234
155 138 0.61734
155 143 0.56765
155 144 0.42986
155 145 0.35088
155 148 0.89285
155 165 0.97378
155 170 0.08579
155 178 0.3507
155 179 0.2596
155 182 0.3062
155 184 0.16731
155 188 0.10891
162 13 0.68536
162 31 0.37314
162 57 0.09147
162 73 0.94759
162 77 0.42965
162 80 0.79574
162 81 0.39979
162 87 0.09377
162 104 0.74492
162 106 0.49124
162 108 0.34189
162 123 0.54793
162 132 0.2143
162 133 0.00637
162 138 0.35205
162 143 0.51224
162 144 0.37956
162 145 0.04839
162 148 0.24699
162 165 0.83948
162 170 0.93313
162 178 0.81469
162 179 0.70005
162 182 0.50998
162 184 0.6479
162 188 0.10332
163 13 0.27144
163 31 0.16134
163 57 0.99658
163 73 0.67455
163 77 0.70338
163 80 0.36251
163 81 0.17418
163 87 0.05458
163 104 0.94611
163 106 0.50099
163 108 0.05072
163 123 0.22507
163 132 0.21092
163 133 0.98897
163 138 0.74769
163 143 0.84529
163 144 0.87657
163 145 0.50907
163 148 0.09917
163 165 0.12674
163 170 0.5941
163 178 0.66624
163 179 0.04814
163 182 0.72621
163 184 0.61349
163 188 0.77581
164 13 0.04504
164 31 0.50588
164 57 0.52156
164 73 0.14191
164 77 0.74585
164 80 0.30671
164 81 0.20498
164 87 0.21277
164 104 0.51811
164 106 0.31666
164 108 0.11653
164 123 0.60379
164 132 0.19216
164 133 0.57894
164 138 0.85078
164 143 0.02753
164 144 0.37138
164 145 0.79335
164 148 0.89968
164 165 0.23515
164 170 0.43484
164 178 0.98871
164 179 0.20729
164 182 0.32866
164 184 0.94125
164 188 0.1478
173 13 0.3617
173 31 0.45386
173 57 0.31346
173 73 0.42973
173 77 0.51593
173 80 0.56792
173 81 0.24409
173 87 0.96249
173 104 0.87102
173 106 0.53875
173 108 0.39908
173 123 0.2838
173 132 0.87174
173 133 0.92498
173 138 0.82937
173 143 0.82648
173 144 0.34779
173 145 0.45446
173 148 0.70898
173 165 0.17157
173 170 0.90201
173 178 0.2062
173 179 0.12552
173 182 0.01995
173 184 0.77624
173 188 0.87275
176 13 0.22054
176 31 0.62541
176 57 0.20528
176 73 0.20507
176 77 0.21666
176 80 0.55607
176 81 0.42924
176 87 0.36928
176 104 0.50807
176 106 0.89783
176 108 0.1491
176 123 0.15956
176 132 0.79273
176 133 0.19903
176 138 0.24001
176 143 0.56484
176 144 0.36175
176 145 0.15369
176 148 0.69471
176 165 0.88035
176 170 0.11013
176 178 0.39809
176 179 0.31619
176 182 0.36556
176 184 0.51895
176 188 0.25866
185 13 0.13749
185 31 0.33658
185 57 0.02248
185 73 0.37634
185 77 0.03692
185 80 0.70459
185 81 0.61019
185 87 0.33741
185 104 0.40992
185 106 0.52953
185 108 0.85826
185 123 0.81833
185 132 0.15468
185 133 0.9148
185 138 0.39949
185 143 0.92128
185 144 0.85114
185 145 0.19461
185 148 0.74656
185 165 0.45277
185 170 0.22339
185 178 0.5339
185 179 0.60075
185 182 0.41033
185 184 0.85025
185 188 0.35854
186 13 0.6398
186 31 0.55357
186 57 0.93835
186 73 0.7403
186 77 0.54218
186 80 0.02017
186 81 0.46843
186 87 0.23234
186 104 0.70138
186 106 0.31203
186 108 0.90628
186 123 0.59743
186 132 0.93553
186 133 0.38204
186 138 0.19225
186 143 0.96852
186 144 0.83097
186 145 0.85622
186 148 0.75332
186 165 0.29519
186 170 0.21614
186 178 0.61521
186 179 0.02253
186 182 0.44239
186 184 0.95767
186 188 0.92864
