22 39 0.72434
22 43 0.76987
22 46 0.17033
22 53 0.05931
22 55 0.80367
22 59 0.52822
22 71 0.7427
22 75 0.48184
22 82 0.6549
22 84 0.05542
22 89 0.47162
22 90 0.04919
22 101 0.2364
22 105 0.53946
22 111 0.1799
22 113 0.83308
22 115 0.96595
22 116 0.6245
22 121 0.21074
22 131 0.62132
22 132 0.89578
22 135 0.89839
22 137 0.99658
22 142 0.10199
22 143 0.52827
22 146 0.47402
45 39 0.11152
45 43 0.90993
45 46 0.3282
45 53 0.71476
45 55 0.0588
45 59 0.13121
45 71 0.19576
45 75 0.65626
45 82 0.97157
45 84 0.77455
45 89 0.66453
45 90 0.55484
45 101 0.36443
45 105 0.37804
45 111 0.43776
45 113 0.2066
45 115 0.5145
45 116 0.1845
45 121 0.84476
45 131 0.51473
45 132 0.97738
45 135 0.62869
45 137 0.20174
45 142 0.6478
45 143 0.54495
45 146 0.63711
52 39 0.36324
52 43 0.64272
52 46 0.79114
52 53 0.77627
52 55 0.58855
52 59 0.15589
52 71 0.57953
52 75 0.54756
52 82 0.02135
52 84 0.02315
52 89 0.88416
52 90 0.16568
52 101 0.41705
52 105 0.4052
52 111 0.3642
52 113 0.36192
52 115 0.42005
52 116 0.51311
52 121 0.19353
52 131 0.04828
52 132 0.25287
52 135 0.56691
52 137 0.20189
52 142 0.49019
52 143 0.50847
52 146 0.18593
57 39 0.21807
57 43 0.3046
57 46 0.3062
57 53 0.10423
57 55 0.20754
57 59 0.55604
57 71 0.15256
57 75 0.34989
57 82 0.98353
57 84 0.75774
57 89 0.21276
57 90 0.04187
57 101 0.48392
57 105 0.95964
57 111 0.46169
57 113 0.82194
57 115 0.7596
57 116 0.14872
57 121 0.79324
57 131 0.09699
57 132 0.40611
57 135 0.31941
57 137 0.22512
57 142 0.90193
57 143 0.74838
57 146 0.12072
67 39 0.08316
67 43 0.5882
67 46 0.63457
67 53 0.8919
67 55 0.54769
67 59 0.25073
67 71 0.75493
67 75 0.69981
67 82 0.80227
67 84 0.16212
67 89 0.63724
67 90 0.38601
67 101 0.37813
67 105 0.63946
67 111 0.34808
67 113 0.25888
67 115 0.59782
67 116 0.25552
67 121 0.13521
67 131 0.563
67 132 0.70466
67 135 0.95936
67 137 0.35657
67 142 0.78905
67 143 0.49866
67 146 0.28357
81 39 0.22844
81 43 0.05214
81 46 0.51108
81 53 0.2058
81 55 0.84021
81 59 0.00108
81 71 0.63554
81 75 0.15884
81 82 0.90809
81 84 0.65644
81 89 0.2934
81 90 0.42474
81 101 0.37552
81 105 0.06531
81 111 0.33034
81 113 0.18271
81 115 0.47958
81 116 0.87395
81 121 0.51202
81 131 0.72729
81 132 0.6505
81 135 0.46132
81 137 0.04021
81 142 0.1554
81 143 0.80217
81 146 0.62546
86 39 0.774
86 43 0.601
86 46 0.30493
86 53 0.62889
86 55 0.14477
86 59 0.89412
86 71 0.91558
86 75 0.57809
86 82 0.6687
86 84 0.22427
86 89 0.14939
86 90 0.56024
86 101 0.37279
86 105 0.5946
86 111 0.60506
86 113 0.31884
86 115 0.6453
86 116 0.97007
86 121 0.03605
86 131 0.5326
86 132 0.57989
86 135 0.06805
86 137 0.0484
86 142 0.48269
86 143 0.96706
86 146 0.92136
106 39 0.92256
106 43 0.75704
106 46 0.26074
106 53 0.46242
106 55 0.87972
106 59 0.92205
106 71 0.95837
106 75 0.62923
106 82 0.53895
106 84 0.97516
106 89 0.3368
106 90 0.7277
106 101 0.8064
106 105 0.6872
106 111 0.10597
106 113 0.34619
106 115 0.22487
106 116 0.79376
106 121 0.0348
106 131 0.65821
106 132 0.06699
106 135 0.1377
106 137 0.52478
106 142 0.35456
106 143 0.5615
106 146 0.68629
108 39 0.48531
108 43 0.25762
108 46 0.33049
108 53 0.19675
108 55 0.94318
108 59 0.71749
108 71 0.66378
108 75 0.55028
108 82 0.91767
108 84 0.45619
108 89 0.90021
108 90 0.44467
108 101 0.84967
108 105 0.61804
108 111 0.01441
108 113 0.74896
108 115 0.11672
108 116 0.70655
108 121 0.56486
108 131 0.30673
108 132 0.88357
108 135 0.18208
108 137 0.65234
108 142 0.01803
108 143 0.54561
108 146 0.49012
109 39 0.69175
109 43 0.93382
109 46 0.67642
109 53 0.41533
109 55 0.22917
109 59 0.95666
109 71 0.39419
109 75 0.30253
109 82 0.32094
109 84 0.77317
109 89 0.36887
109 90 0.60756
109 101 0.2177
109 105 0.97196
109 111 0.60824
109 113 0.54581
109 115 0.58103
109 116 0.91268
109 121 0.28244
109 131 0.24639
109 132 0.48405
109 135 0.62539
109 137 0.90848
109 142 0.93666
109 143 0.11832
109 146 0.43544
112 39 0.0596
112 43 0.1413
112 46 0.17846
112 53 0.61798
112 55 0.6806
112 59 0.47819
112 71 0.87769
112 75 0.69155
112 82 0.50708
112 84 0.92777
112 89 0.64134
112 90 0.59811
112 101 0.69147
112 105 0.87914
112 111 0.61532
112 113 0.26672
112 115 0.44167
112 116 0.30123
112 121 0.74424
112 131 0.14984
112 132 0.73215
112 135 0.48241
112 137 0.5839
112 142 0.29174
112 143 0.94311
112 146 0.35948
117 39 0.23211
117 43 0.01067
117 46 0.12547
117 53 0.40929
117 55 0.88496
117 59 0.52411
117 71 0.10482
117 75 0.69968
117 82 0.52922
117 84 0.3392
117 89 0.22235
117 90 0.95314
117 101 0.60378
117 105 0.62569
117 111 0.90032
117 113 0.69703
117 115 0.2538
117 116 0.70994
117 121 0.37077
117 131 0.0808
117 132 0.45345
117 135 0.37825
117 137 0.01923
117 142 0.46456
117 143 0.47002
117 146 0.20683
122 39 0.53773
122 43 0.93711
122 46 0.63543
122 53 0.46561
122 55 0.00078
122 59 0.31156
122 71 0.84789
122 75 0.59295
122 82 0.06447
122 84 0.993
122 89 0.42612
122 90 0.03729
122 101 0.1785
122 105 0.50916
122 111 0.1045
122 113 0.6198
122 115 0.88197
122 116 0.3111
122 121 0.93176
122 131 0.05444
122 132 0.00946
122 135 0.35486
122 137 0.96133
122 142 0.6006
122 143 0.07179
122 146 0.12611
124 39 0.36745
124 43 0.40877
124 46 0.55249
124 53 0.16155
124 55 0.46596
124 59 0.24189
124 71 0.28094
124 75 0.1491
124 82 0.72777
124 84 0.4774
124 89 0.78065
124 90 0.81356
124 101 0.18996
124 105 0.44474
124 111 0.1554
124 113 0.43826
124 115 0.24281
124 116 0.10031
124 121 0.77658
124 131 0.18248
124 132 0.46731
124 135 0.51542
124 137 0.88247
124 142 0.27465
124 143 0.96551
124 146 0.49866
128 39 0.60422
128 43 0.85606
128 46 0.5073
128 53 0.0522
128 55 0.61765
128 59 0.33955
128 71 0.86736
128 75 0.63842
128 82 0.60052
128 84 0.00585
128 89 0.91877
128 90 0.70135
128 101 0.69794
128 105 0.96836
128 111 0.61982
128 113 0.02022
128 115 0.64008
128 116 0.37934
128 121 0.32498
128 131 0.54256
128 132 0.28307
128 135 0.37898
128 137 0.98033
128 142 0.86056
128 143 0.26492
128 146 0.03454
133 39 0.25844
133 43 0.95878
133 46 0.34034
133 53 0.30497
133 55 0.62546
133 59 0.40252
133 71 0.25348
133 75 0.47232
133 82 0.049
133 84 0.91847
133 89 0.65762
133 90 0.05254
133 101 0.30799
133 105 0.66321
133 111 0.46882
133 113 0.70148
133 115 0.18944
133 116 0.85755
133 121 0.80519
133 131 0.48961
133 132 0.8026
133 135 0.4329
133 137 0.4258
133 142 0.38746
133 143 0.4471
133 146 0.92968
139 39 0.73887
139 43 0.96074
139 46 0.42654
139 53 0.51692
139 55 0.07913
139 59 0.13055
139 71 0.96195
139 75 0.47712
139 82 0.17316
139 84 0.77372
139 89 0.56419
139 90 0.33289
139 101 0.85658
139 105 0.08699
139 111 0.76698
139 113 0.35042
139 115 0.60168
139 116 0.96627
139 121 0.26215
139 131 0.75239
139 132 0.0188
139 135 0.90883
139 137 0.3954
139 142 0.60512
139 143 0.35637
139 146 0.83529
140 39 0.53354
140 43 0.70243
140 46 0.73239
140 53 0.30763
140 55 0.05955
140 59 0.30345
140 71 0.2206
140 75 0.8189
140 82 0.86533
140 84 0.19403
140 89 0.59306
140 90 0.75389
140 101 0.32718
140 105 0.97228
140 111 0.82122
140 113 0.35404
140 115 0.9143
140 116 0.51086
140 121 0.46101
140 131 0.58405
140 132 0.32859
140 135 0.90791
140 137 0.58285
140 142 0.77631
140 143 0.35278
140 146 0.89239
147 39 0.85527
147 43 0.81203
147 46 0.83221
147 53 0.72361
147 55 0.09831
147 59 0.16175
147 71 0.76817
147 75 0.69821
147 82 0.8147
147 84 0.69579
147 89 0.5933
147 90 0.8334
147 101 0.63148
147 105 0.91167
147 111 0.7109
147 113 0.30667
147 115 0.09967
147 116 0.9379
147 121 0.68266
147 131 0.87229
147 132 0.01321
147 135 0.64988
147 137 0.4289
147 142 0.63779
147 143 0.81003
147 146 0.9264
