51 13 0.84661
51 31 0.99241
51 57 0.29268
51 73 0.41866
51 77 0.6951
51 80 0.10514
51 81 0.298
51 87 0.99625
51 104 0.87088
51 106 0.93272
51 108 0.30836
51 123 0.23266
51 132 0.90601
51 133 0.3663
51 138 0.18764
51 143 0.28461
51 144 0.7917
51 145 0.62738
51 148 0.98358
51 165 0.6677
51 170 0.90881
52 13 0.36767
52 31 0.24085
52 57 0.41629
52 73 0.65395
52 77 0.25867
52 80 0.87566
52 81 0.4639
52 87 0.19202
52 104 0.23283
52 106 0.03058
52 108 0.12991
52 123 0.43476
52 132 0.0245
52 133 0.87827
52 138 0.38508
52 143 0.75965
52 144 0.77004
52 145 0.1854
52 148 0.54251
52 165 0.80863
52 170 0.49628
55 13 0.26259
55 31 0.35884
55 57 0.67254
55 73 0.66013
55 77 0.52848
55 80 0.41496
55 81 0.97625
55 87 0.54239
55 104 0.16366
55 106 0.48813
55 108 0.91372
55 123 0.60798
55 132 0.75801
55 133 0.05758
55 138 0.11005
55 143 0.69966
55 144 0.95241
55 145 0.5704
55 148 0.23009
55 165 0.12987
55 170 0.50261
64 13 0.9637
64 31 0.0437
64 57 0.53898
64 73 0.43984
64 77 0.29243
64 80 0.12907
64 81 0.26718
64 87 0.84396
64 104 0.51048
64 106 0.97599
64 108 0.05047
64 123 0.62013
64 132 0.32405
64 133 0.24749
64 138 0.23818
64 143 0.66843
64 144 0.35198
64 145 0.14789
64 148 0.9214
64 165 0.4479
64 170 0.62466
65 13 0.79943
65 31 0.2148
65 57 0.63452
65 73 0.52729
65 77 0.54695
65 80 0.6013
65 81 0.87827
65 87 0.81456
65 104 0.07858
65 106 0.13921
65 108 0.34916
65 123 0.38119
65 132 0.67024
65 133 0.55883
65 138 0.8609
65 143 0.87918
65 144 0.22517
65 145 0.65359
65 148 0.37263
65 165 0.82632
65 170 0.98411
76 13 0.00536
76 31 0.20959
76 57 0.80825
76 73 0.75992
76 77 0.67578
76 80 0.0831
76 81 0.42961
76 87 0.53694
76 104 0.13712
76 106 0.40832
76 108 0.50317
76 123 0.86085
76 132 0.44662
76 133 0.14151
76 138 0.04705
76 143 0.34236
76 144 0.50311
76 145 0.90903
76 148 0.85535
76 165 0.668
76 170 0.13529
82 13 0.16316
82 31 0.4165
82 57 0.31581
82 73 0.15252
82 77 0.50914
82 80 0.54455
82 81 0.20436
82 87 0.26404
82 104 0.17457
82 106 0.80709
82 108 0.99541
82 123 0.28106
82 132 0.76971
82 133 0.59067
82 138 0.57659
82 143 0.34805
82 144 0.86087
82 145 0.74231
82 148 0.72791
82 165 0.48798
82 170 0.76675
85 13 0.70889
85 31 0.5009
85 57 0.87205
85 73 0.88397
85 77 0.59116
85 80 0.72574
85 81 0.03396
85 87 0.83439
85 104 0.96935
85 106 0.88538
85 108 0.20937
85 123 0.32684
85 132 0.40736
85 133 0.89779
85 138 0.26432
85 143 0.03425
85 144 0.17621
85 145 0.08516
85 148 0.36936
85 165 0.16511
85 170 0.32005
89 13 0.94959
89 31 0.41459
89 57 0.45732
89 73 0.25267
89 77 0.4976
89 80 0.60552
89 81 0.6138
89 87 0.73857
89 104 0.30455
89 106 0.82254
89 108 0.45535
89 123 0.3825
89 132 0.85917
89 133 0.04175
89 138 0.91093
89 143 0.94372
89 144 0.5968
89 145 0.85307
89 148 0.77301
89 165 0.12024
89 170 0.84525
96 13 0.36311
96 31 0.23648
96 57 0.01311
96 73 0.5605
96 77 0.38197
96 80 0.57911
96 81 0.60397
96 87 0.92014
96 104 0.24865
96 106 0.60675
96 108 0.73198
96 123 0.78346
96 132 0.80347
96 133 0.42005
96 138 0.45047
96 143 0.95903
96 144 0.40746
96 145 0.15019
96 148 0.88035
96 165 0.78881
96 170 0.9397
100 13 0.52141
100 31 0.44511
100 57 0.80394
100 73 0.62069
100 77 0.61157
100 80 0.0348
100 81 0.97656
100 87 0.02824
100 104 0.53063
100 106 0.30605
100 108 0.47659
100 123 0.96479
100 132 0.1041
100 133 0.21838
100 138 0.9481
100 143 0.99342
100 144 0.10037
100 145 0.48429
100 148 0.59747
100 165 0.42519
100 170 0.26943
101 13 0.47698
101 31 0.57724
101 57 0.26187
101 73 0.1306
101 77 0.62631
101 80 0.1408
101 81 0.02691
101 87 0.42378
101 104 0.37813
101 106 0.50034
101 108 0.6584
101 123 0.83341
101 132 0.92393
101 133 0.95732
101 138 0.43137
101 143 0.51933
101 144 0.1204
101 145 0.30914
101 148 0.37994
101 165 0.83063
101 170 0.69165
109 13 0.45797
109 31 0.66714
109 57 0.98391
109 73 0.2315
109 77 0.50763
109 80 0.39019
109 81 0.55988
109 87 0.51947
109 104 0.99201
109 106 0.82765
109 108 0.64902
109 123 0.8453
109 132 0.89814
109 133 0.87013
109 138 0.37238
109 143 0.42178
109 144 0.65372
109 145 0.36405
109 148 0.15841
109 165 0.08297
109 170 0.18642
115 13 0.81732
115 31 0.58899
115 57 0.6846
115 73 0.87248
115 77 0.20151
115 80 0.4211
115 81 0.23569
115 87 0.72006
115 104 0.10886
115 106 0.11806
115 108 0.46325
115 123 0.84269
115 132 0.6226
115 133 0.83589
115 138 0.78132
115 143 0.45398
115 144 0.71268
115 145 0.61056
115 148 0.96504
115 165 0.61524
115 170 0.69203
127 13 0.4897
127 31 0.05059
127 57 0.30291
127 73 0.68293
127 77 0.89891
127 80 0.49998
127 81 0.51407
127 87 0.89049
127 104 0.35566
127 106 0.46054
127 108 0.92369
127 123 0.08686
127 132 0.7001
127 133 0.5506
127 138 0.39134
127 143 0.75789
127 144 0.3733
127 145 0.39085
127 148 0.74993
127 165 0.11439
127 170 0.49591
129 13 0.86953
129 31 0.66514
129 57 0.26119
129 73 0.93587
129 77 0.74788
129 80 0.82315
129 81 0.53906
129 87 0.66812
129 104 0.33838
129 106 0.61473
129 108 0.56799
129 123 0.22558
129 132 0.60141
129 133 0.18468
129 138 0.67314
129 143 0.09061
129 144 0.48369
129 145 0.04034
129 148 0.53354
129 165 0.31861
129 170 0.38248
131 13 0.3439
131 31 0.69956
131 57 0.71577
131 73 0.44364
131 77 0.62266
131 80 0.74556
131 81 0.62423
131 87 0.61191
131 104 0.97434
131 106 0.5019
131 108 0.94917
131 123 0.23889
131 132 0.1585
131 133 0.50334
131 138 0.48626
131 143 0.50806
131 144 0.36654
131 145 0.01765
131 148 0.07572
131 165 0.26028
131 170 0.02524
137 13 0.40383
137 31 0.99392
137 57 0.37842
137 73 0.1662
137 77 0.23304
137 80 0.25128
137 81 0.15605
137 87 0.83278
137 104 0.52838
137 106 0.64477
137 108 0.25059
137 123 0.20671
137 132 0.20451
137 133 0.42338
137 138 0.06999
137 143 0.5679
137 144 0.32169
137 145 0.36528
137 148 0.23806
137 165 0.84384
137 170 0.44
140 13 0.73494
140 31 0.16494
140 57 0.04025
140 73 0.98391
140 77 0.06286
140 80 0.496
140 81 0.84433
140 87 0.21942
140 104 0.0836
140 106 0.9869
140 108 0.5112
140 123 0.92392
140 132 0.69125
140 133 0.12212
140 138 0.32916
140 143 0.82745
140 144 0.69924
140 145 0.30461
140 148 0.35031
140 165 0.64965
140 170 0.02544
141 13 0.44797
141 31 0.3259
141 57 0.83996
141 73 0.43551
141 77 0.51448
141 80 0.79232
141 81 0.82736
141 87 0.08632
141 104 0.68959
141 106 0.89705
141 108 0.46014
141 123 0.97391
141 132 0.78585
141 133 0.52411
141 138 0.89476
141 143 0.56408
141 144 0.08282
141 145 0.69894
141 148 0.04095
141 165 0.93607
141 170 0.17813
149 13 0.38192
149 31 0.61852
149 57 0.45988
149 73 0.4988
149 77 0.66745
149 80 0.02559
149 81 0.0346
149 87 0.32036
149 104 0.53859
149 106 0.2321
149 108 0.5804
149 123 0.36977
149 132 0.03569
149 133 0.74127
149 138 0.16074
149 143 0.15664
149 144 0.36123
149 145 0.67041
149 148 0.05403
149 165 0.16934
149 170 0.57705
150 13 0.5255
150 31 0.12245
150 57 0.75931
150 73 0.20242
150 77 0.48429
150 80 0.91876
150 81 0.82009
150 87 0.71015
150 104 0.29843
150 106 0.14319
150 108 0.59806
150 123 0.63751
150 132 0.49093
150 133 0.41771
150 138 0.88813
150 143 0.87143
150 144 0.61623
150 145 0.69526
150 148 0.52852
150 165 0.72753
150 170 0.35041
155 13 0.76495
155 31 0.24138
155 57 0.5053
155 73 0.58924
155 77 0.4445
155 80 0.31976
155 81 0.63168
155 87 0.97841
155 104 0.82583
155 106 0.13775
155 108 0.72208
155 123 0.9498
155 132 0.48047
155 133 0.19298
155 138 0.42472
155 143 0.94299
155 144 0.71164
155 145 0.99731
155 148 0.59044
155 165 0.24041
155 170 0.19751
162 13 0.88057
162 31 0.03461
162 57 0.85638
162 73 0.12141
162 77 0.12997
162 80 0.68315
162 81 0.17888
162 87 0.43355
162 104 0.13026
162 106 0.62006
162 108 0.25698
162 123 0.05428
162 132 0.94144
162 133 0.20468
162 138 0.25134
162 143 0.94972
162 144 0.46988
162 145 0.43983
162 148 0.76856
162 165 0.16102
162 170 0.86354
163 13 0.93587
163 31 0.28337
163 57 0.33397
163 73 0.31016
163 77 0.89532
163 80 0.15729
163 81 0.16584
163 87 0.3876
163 104 0.88397
163 106 0.98155
163 108 0.69275
163 123 0.98778
163 132 0.64527
163 133 0.05309
163 138 0.15348
163 143 0.86049
163 144 0.45952
163 145 0.74967
163 148 0.31658
163 165 0.99638
163 170 0.85321
164 13 0.0294
164 31 0.25994
164 57 0.72942
164 73 0.08155
164 77 0.59951
164 80 0.93381
164 81 0.72929
164 87 0.62687
164 104 0.64905
164 106 0.37781
164 108 0.29835
164 123 0.79118
164 132 0.64107
164 133 0.36541
164 138 0.32078
164 143 0.76893
164 144 0.21895
164 145 0.73718
164 148 0.55739
164 165 0.24549
164 170 0.55532
166 13 0.17766
166 31 0.48388
166 57 0.54016
166 73 0.03886
166 77 0.86404
166 80 0.06647
166 81 0.57254
166 87 0.09499
166 104 0.66295
166 106 0.67193
166 108 0.15791
166 123 0.78018
166 132 0.27645
166 133 0.45723
166 138 0.6778
166 143 0.55371
166 144 0.56931
166 145 0.65906
166 148 0.85651
166 165 0.39618
166 170 0.80226
