17 21 0.7957
17 25 0.9124
17 36 0.92441
17 41 0.94655
17 45 0.0141
17 52 0.37161
17 55 0.47653
17 60 0.37111
17 61 0.27373
17 66 0.62627
17 67 0.19722
17 71 0.52648
17 74 0.06665
17 88 0.00232
17 94 0.56821
17 106 0.34013
17 109 0.53745
17 110 0.03649
17 112 0.94243
17 116 0.58345
17 117 0.98881
17 118 0.13876
17 119 0.81805
17 126 0.51799
17 129 0.99811
17 130 0.22008
17 136 0.42813
17 140 0.37309
46 21 0.13382
46 25 0.12324
46 36 0.25124
46 41 0.47319
46 45 0.41538
46 52 0.45613
46 55 0.3832
46 60 0.5145
46 61 0.54601
46 66 0.09071
46 67 0.41266
46 71 0.6334
46 74 0.20044
46 88 0.8322
46 94 0.44196
46 106 0.20909
46 109 0.31423
46 110 0.28857
46 112 0.61367
46 116 0.9655
46 117 0.4488
46 118 0.95062
46 119 0.59661
46 126 0.17727
46 129 0.68821
46 130 0.13176
46 136 0.1143
46 140 0.20879
69 21 0.12465
69 25 0.51577
69 36 0.81339
69 41 0.33056
69 45 0.29357
69 52 0.1082
69 55 0.67138
69 60 0.80701
69 61 0.68131
69 66 0.35261
69 67 0.80124
69 71 0.90273
69 74 0.13952
69 88 0.68574
69 94 0.58276
69 106 0.38421
69 109 0.87074
69 110 0.60487
69 112 0.8678
69 116 0.40344
69 117 0.36967
69 118 0.43514
69 119 0.88849
69 126 0.34208
69 129 0.62624
69 130 0.9245
69 136 0.16992
69 140 0.88878
75 21 0.62016
75 25 0.58278
75 36 0.44944
75 41 0.42219
75 45 0.24756
75 52 0.10916
75 55 0.84119
75 60 0.42241
75 61 0.18651
75 66 0.77152
75 67 0.7651
75 71 0.74079
75 74 0.60734
75 88 0.14447
75 94 0.40719
75 106 0.04027
75 109 0.12207
75 110 0.26935
75 112 0.6137
75 116 0.29246
75 117 0.05244
75 118 0.2918
75 119 0.65702
75 126 0.66881
75 129 0.45927
75 130 0.18071
75 136 0.99366
75 140 0.86204
77 21 0.53847
77 25 0.3084
77 36 0.58547
77 41 0.66507
77 45 0.58689
77 52 0.96425
77 55 0.61917
77 60 0.7236
77 61 0.53134
77 66 0.53775
77 67 0.63181
77 71 0.46168
77 74 0.43531
77 88 0.5747
77 94 0.98871
77 106 0.30783
77 109 0.15011
77 110 0.74138
77 112 0.80073
77 116 0.07165
77 117 0.76223
77 118 0.22151
77 119 0.30361
77 126 0.25049
77 129 0.78877
77 130 0.3254
77 136 0.50682
77 140 0.71996
78 21 0.98165
78 25 0.4429
78 36 0.5499
78 41 0.37428
78 45 0.90358
78 52 0.61962
78 55 0.7305
78 60 0.52299
78 61 0.18092
78 66 0.82151
78 67 0.38311
78 71 0.35275
78 74 0.2838
78 88 0.62494
78 94 0.57627
78 106 0.73354
78 109 0.8904
78 110 0.92622
78 112 0.27153
78 116 0.75968
78 117 0.79118
78 118 0.79419
78 119 0.60758
78 126 0.67361
78 129 0.3324
78 130 0.55896
78 136 0.8761
78 140 0.18122
79 21 0.34962
79 25 0.22765
79 36 0.58833
79 41 0.12038
79 45 0.5884
79 52 0.89672
79 55 0.1784
79 60 0.2384
79 61 0.25207
79 66 0.06318
79 67 0.92708
79 71 0.19012
79 74 0.99275
79 88 0.95921
79 94 0.98151
79 106 0.34582
79 109 0.52114
79 110 0.79538
79 112 0.39148
79 116 0.16938
79 117 0.09556
79 118 0.41042
79 119 0.44412
79 126 0.14452
79 129 0.4683
79 130 0.52768
79 136 0.54208
79 140 0.53654
89 21 0.70061
89 25 0.50267
89 36 0.98744
89 41 0.22741
89 45 0.85758
89 52 0.29796
89 55 0.41683
89 60 0.02727
89 61 0.1244
89 66 0.15145
89 67 0.40224
89 71 0.37213
89 74 0.20686
89 88 0.84872
89 94 0.12289
89 106 0.17827
89 109 0.63724
89 110 0.24453
89 112 0.63729
89 116 0.75445
89 117 0.46331
89 118 0.27172
89 119 0.94949
89 126 0.55044
89 129 0.19237
89 130 0.64808
89 136 0.04926
89 140 0.14206
93 21 0.25578
93 25 0.93271
93 36 0.08471
93 41 0.39501
93 45 0.50905
93 52 0.12005
93 55 0.33531
93 60 0.47726
93 61 0.10968
93 66 0.61326
93 67 0.93199
93 71 0.16819
93 74 0.16445
93 88 0.38026
93 94 0.75743
93 106 0.98055
93 109 0.42395
93 110 0.92673
93 112 0.0698
93 116 0.80185
93 117 0.28294
93 118 0.28512
93 119 0.95466
93 126 0.26155
93 129 0.96281
93 130 0.73759
93 136 0.7469
93 140 0.85121
96 21 0.53642
96 25 0.79611
96 36 0.43078
96 41 0.86513
96 45 0.86241
96 52 0.78385
96 55 0.79184
96 60 0.72295
96 61 0.67859
96 66 0.26651
96 67 0.89276
96 71 0.54209
96 74 0.57155
96 88 0.84992
96 94 0.69457
96 106 0.52534
96 109 0.97965
96 110 0.54957
96 112 0.23118
96 116 0.56199
96 117 0.1189
96 118 0.03306
96 119 0.39942
96 126 0.07587
96 129 0.95692
96 130 0.8721
96 136 0.9994
96 140 0.14906
98 21 0.92748
98 25 0.51113
98 36 0.86966
98 41 0.95261
98 45 0.02034
98 52 0.36019
98 55 0.35293
98 60 0.93798
98 61 0.40717
98 66 0.41028
98 67 0.23988
98 71 0.38916
98 74 0.48776
98 88 0.57479
98 94 0.45107
98 106 0.73499
98 109 0.50099
98 110 0.61771
98 112 0.86953
98 116 0.66537
98 117 0.3053
98 118 0.61329
98 119 0.03715
98 126 0.55459
98 129 0.90797
98 130 0.44888
98 136 0.02284
98 140 0.16555
103 21 0.8726
103 25 0.85546
103 36 0.48126
103 41 0.45472
103 45 0.05903
103 52 0.51724
103 55 0.54922
103 60 0.03287
103 61 0.3447
103 66 0.19275
103 67 0.34251
103 71 0.18299
103 74 0.26769
103 88 0.85565
103 94 0.97404
103 106 0.29004
103 109 0.47305
103 110 0.46748
103 112 0.79554
103 116 0.70952
103 117 0.0476
103 118 0.71964
103 119 0.17892
103 126 0.41346
103 129 0.70887
103 130 0.33119
103 136 0.58785
103 140 0.37995
104 21 0.10632
104 25 0.65155
104 36 0.97325
104 41 0.91421
104 45 0.37724
104 52 0.43706
104 55 0.63473
104 60 0.95829
104 61 0.5318
104 66 0.12964
104 67 0.18029
104 71 0.18323
104 74 0.82166
104 88 0.62608
104 94 0.38479
104 106 0.9321
104 109 0.94936
104 110 0.28464
104 112 0.01285
104 116 0.65627
104 117 0.93222
104 118 0.56619
104 119 0.3525
104 126 0.6218
104 129 0.96872
104 130 0.57204
104 136 0.04149
104 140 0.98203
107 21 0.22181
107 25 0.52945
107 36 0.48372
107 41 0.52434
107 45 0.37925
107 52 0.16759
107 55 0.61163
107 60 0.11098
107 61 0.96846
107 66 0.46817
107 67 0.36433
107 71 0.24146
107 74 0.64315
107 88 0.28313
107 94 0.72315
107 106 0.93479
107 109 0.80093
107 110 0.90031
107 112 0.64442
107 116 0.31657
107 117 0.87741
107 118 0.75283
107 119 0.72845
107 126 0.77145
107 129 0.41707
107 130 0.05729
107 136 0.05314
107 140 0.56202
113 21 0.25113
113 25 0.22832
113 36 0.19689
113 41 0.13298
113 45 0.06576
113 52 0.91034
113 55 0.14409
113 60 0.34306
113 61 0.65751
113 66 0.03761
113 67 0.92146
113 71 0.46271
113 74 0.74923
113 88 0.98072
113 94 0.07293
113 106 0.11446
113 109 0.59012
113 110 0.40519
113 112 0.09034
113 116 0.97427
113 117 0.1211
113 118 0.86174
113 119 0.64603
113 126 0.59282
113 129 0.69008
113 130 0.23027
113 136 0.08561
113 140 0.00905
128 21 0.14697
128 25 0.1723
128 36 0.93769
128 41 0.91899
128 45 0.66841
128 52 0.92422
128 55 0.20746
128 60 0.76488
128 61 0.96933
128 66 0.04936
128 67 0.70956
128 71 0.05164
128 74 0.64255
128 88 0.3769
128 94 0.20771
128 106 0.85853
128 109 0.69105
128 110 0.67793
128 112 0.06717
128 116 0.72724
128 117 0.61085
128 118 0.1513
128 119 0.20461
128 126 0.8947
128 129 0.9389
128 130 0.46512
128 136 0.45608
128 140 0.49082
131 21 0.05614
131 25 0.13815
131 36 0.03986
131 41 0.87128
131 45 0.6744
131 52 0.2261
131 55 0.38817
131 60 0.57828
131 61 0.00579
131 66 0.91768
131 67 0.23096
131 71 0.16597
131 74 0.13374
131 88 0.64846
131 94 0.0043
131 106 0.65749
131 109 0.01029
131 110 0.94414
131 112 0.67703
131 116 0.18827
131 117 0.75288
131 118 0.55649
131 119 0.91973
131 126 0.33556
131 129 0.26939
131 130 0.17318
131 136 0.12777
131 140 0.71
148 21 0.75512
148 25 0.3215
148 36 0.35857
148 41 0.86401
148 45 0.08781
148 52 0.09288
148 55 0.93046
148 60 0.85024
148 61 0.74358
148 66 0.12899
148 67 0.38652
148 71 0.24578
148 74 0.96811
148 88 0.97909
148 94 0.01625
148 106 0.85302
148 109 0.52726
148 110 0.95438
148 112 0.5388
148 116 0.29739
148 117 0.12133
148 118 0.14837
148 119 0.87142
148 126 0.698
148 129 0.17386
148 130 0.7611
148 136 0.74141
148 140 0.30109
149 21 0.13749
149 25 0.46942
149 36 0.83542
149 41 0.47686
149 45 0.01071
149 52 0.33909
149 55 0.76216
149 60 0.10325
149 61 0.43891
149 66 0.86934
149 67 0.71058
149 71 0.01116
149 74 0.52687
149 88 0.21047
149 94 0.81891
149 106 0.52975
149 109 0.46337
149 110 0.32817
149 112 0.51812
149 116 0.60495
149 117 0.77011
149 118 0.2665
149 119 0.57455
149 126 0.71385
149 129 0.37976
149 130 0.03726
149 136 0.01565
149 140 0.74384
