17 21 0.17172
17 25 0.44957
17 36 0.13384
17 41 0.32642
17 45 0.39702
17 52 0.98595
17 55 0.63485
17 60 0.66576
17 61 0.67504
17 66 0.68886
17 67 0.13466
17 71 0.07737
17 88 0.52175
17 94 0.56996
17 109 0.5942
17 110 0.14399
17 112 0.7884
17 116 0.45364
17 118 0.51785
17 119 0.59564
17 126 0.24046
17 130 0.71296
17 136 0.32714
17 154 0.44854
17 155 0.72843
17 157 0.53888
17 159 0.67849
17 163 0.11265
17 166 0.48444
17 169 0.43108
17 170 0.95298
17 172 0.69187
17 174 0.18538
17 175 0.76063
17 185 0.20893
17 188 0.19222
75 21 0.54213
75 25 0.40745
75 36 0.93514
75 41 0.46319
75 45 0.08714
75 52 0.46775
75 55 0.69979
75 60 0.89624
75 61 0.28797
75 66 0.43609
75 67 0.64137
75 71 0.50111
75 88 0.74878
75 94 0.05728
75 109 0.47382
75 110 0.08681
75 112 0.99946
75 116 0.88972
75 118 0.43154
75 119 0.79031
75 126 0.0441
75 130 0.948
75 136 0.99015
75 154 0.78189
75 155 0.23416
75 157 0.24635
75 159 0.701
75 163 0.1497
75 166 0.43587
75 169 0.32528
75 170 0.38097
75 172 0.22544
75 174 0.28239
75 175 0.34572
75 185 0.60024
75 188 0.64843
77 21 0.60137
77 25 0.99502
77 36 0.58029
77 41 0.03427
77 45 0.85691
77 52 0.43287
77 55 0.58872
77 60 0.90286
77 61 0.38842
77 66 0.4664
77 67 0.13185
77 71 0.39582
77 88 0.22005
77 94 0.6733
77 109 0.02478
77 110 0.79081
77 112 0.56626
77 116 0.96444
77 118 0.32991
77 119 0.27048
77 126 0.12286
77 130 0.94645
77 136 0.36186
77 154 0.13525
77 155 0.60002
77 157 0.86529
77 159 0.22754
77 163 0.25301
77 166 0.64135
77 169 0.42548
77 170 0.40095
77 172 0.03465
77 174 0.25768
77 175 0.12077
77 185 0.2774
77 188 0.88295
79 21 0.25499
79 25 0.83434
79 36 0.98619
79 41 0.76834
79 45 0.63006
79 52 0.03084
79 55 0.40849
79 60 0.18981
79 61 0.54682
79 66 0.39358
79 67 0.97044
79 71 0.21274
79 88 0.25269
79 94 0.43845
79 109 0.79651
79 110 0.47351
79 112 0.28639
79 116 0.87081
79 118 0.09716
79 119 0.98369
79 126 0.8719
79 130 0.59154
79 136 0.16456
79 154 0.60708
79 155 0.61616
79 157 0.78126
79 159 0.55281
79 163 0.56157
79 166 0.80806
79 169 0.90609
79 170 0.48554
79 172 0.40697
79 174 0.02086
79 175 0.46049
79 185 0.68914
79 188 0.71953
89 21 0.35403
89 25 0.89545
89 36 0.37059
89 41 0.98075
89 45 0.43125
89 52 0.99245
89 55 0.24792
89 60 0.04303
89 61 0.00498
89 66 0.02857
89 67 0.1046
89 71 0.05603
89 88 0.95347
89 94 0.27686
89 109 0.69816
89 110 0.54997
89 112 0.75337
89 116 0.2548
89 118 0.79088
89 119 0.79685
89 126 0.00634
89 130 0.35694
89 136 0.29003
89 154 0.70668
89 155 0.83544
89 157 0.08292
89 159 0.86469
89 163 0.02027
89 166 0.65552
89 169 0.0527
89 170 0.83839
89 172 0.04603
89 174 0.44525
89 175 0.96285
89 185 0.08424
89 188 0.81217
93 21 0.17065
93 25 0.70826
93 36 0.63103
93 41 0.37532
93 45 0.67083
93 52 0.79182
93 55 0.94423
93 60 0.69189
93 61 0.74526
93 66 0.31284
93 67 0.49447
93 71 0.81846
93 88 0.21605
93 94 0.87967
93 109 0.72879
93 110 0.97544
93 112 0.66091
93 116 0.77284
93 118 0.16218
93 119 0.18772
93 126 0.89724
93 130 0.69526
93 136 0.27101
93 154 0.71373
93 155 0.41676
93 157 0.34259
93 159 0.18104
93 163 0.8533
93 166 0.52751
93 169 0.20906
93 170 0.8649
93 172 0.65284
93 174 0.37599
93 175 0.18562
93 185 0.9709
93 188 0.22758
96 21 0.32121
96 25 0.96194
96 36 0.91118
96 41 0.97447
96 45 0.63034
96 52 0.25598
96 55 0.81741
96 60 0.03594
96 61 0.00709
96 66 0.4393
96 67 0.9712
96 71 0.68846
96 88 0.48099
96 94 0.67522
96 109 0.81031
96 110 0.9789
96 112 0.73776
96 116 0.26011
96 118 0.97695
96 119 0.18753
96 126 0.98876
96 130 0.40265
96 136 0.35556
96 154 0.4719
96 155 0.93548
96 157 0.97408
96 159 0.02809
96 163 0.67149
96 166 0.44901
96 169 0.24567
96 170 0.64733
96 172 0.6551
96 174 0.93416
96 175 0.47196
96 185 0.16452
96 188 0.72172
98 21 0.1633
98 25 0.11276
98 36 0.72342
98 41 0.83877
98 45 0.52843
98 52 0.14418
98 55 0.19498
98 60 0.91422
98 61 0.09249
98 66 0.66028
98 67 0.19564
98 71 0.28854
98 88 0.40192
98 94 0.24191
98 109 0.85179
98 110 0.65879
98 112 0.39202
98 116 0.18089
98 118 0.40621
98 119 0.07097
98 126 0.49475
98 130 0.75172
98 136 0.36454
98 154 0.75295
98 155 0.28555
98 157 0.36503
98 159 0.37674
98 163 0.95561
98 166 0.03902
98 169 0.58885
98 170 0.54444
98 172 0.56182
98 174 0.61578
98 175 0.70963
98 185 0.78649
98 188 0.94117
103 21 0.36779
103 25 0.0021
103 36 0.79599
103 41 0.22261
103 45 0.20559
103 52 0.67958
103 55 0.75612
103 60 0.38066
103 61 0.07247
103 66 0.79582
103 67 0.08569
103 71 0.97569
103 88 0.71237
103 94 0.2989
103 109 0.76541
103 110 0.42968
103 112 0.93421
103 116 0.07384
103 118 0.71789
103 119 0.29583
103 126 0.45901
103 130 0.50107
103 136 0.92644
103 154 0.7874
103 155 0.4764
103 157 0.25763
103 159 0.50953
103 163 0.73857
103 166 0.65226
103 169 0.92606
103 170 0.17029
103 172 0.6501
103 174 0.05614
103 175 0.13052
103 185 0.6479
103 188 0.59234
104 21 0.76749
104 25 0.00606
104 36 0.98124
104 41 0.81846
104 45 0.02819
104 52 0.83576
104 55 0.28352
104 60 0.80524
104 61 0.45078
104 66 0.96641
104 67 0.30345
104 71 0.96841
104 88 0.25298
104 94 0.92676
104 109 0.54373
104 110 0.1075
104 112 0.47353
104 116 0.69218
104 118 0.50593
104 119 0.87108
104 126 0.5274
104 130 0.36838
104 136 0.13229
104 154 0.49419
104 155 0.12774
104 157 0.12499
104 159 0.67892
104 163 0.56659
104 166 0.7226
104 169 0.55092
104 170 0.63615
104 172 0.81078
104 174 0.97496
104 175 0.38986
104 185 0.34214
104 188 0.4334
107 21 0.26406
107 25 0.88044
107 36 0.21041
107 41 0.00324
107 45 0.14146
107 52 0.00734
107 55 0.11936
107 60 0.96002
107 61 0.52816
107 66 0.03566
107 67 0.85643
107 71 0.5289
107 88 0.29539
107 94 0.15992
107 109 0.33323
107 110 0.94694
107 112 0.69675
107 116 0.74726
107 118 0.96349
107 119 0.10884
107 126 0.80414
107 130 0.58155
107 136 0.9415
107 154 0.89735
107 155 0.46911
107 157 0.53267
107 159 0.66578
107 163 0.16697
107 166 0.69723
107 169 0.70295
107 170 0.30471
107 172 0.38497
107 174 0.53286
107 175 0.00732
107 185 0.66855
107 188 0.99791
128 21 0.04603
128 25 0.76845
128 36 0.50883
128 41 0.78048
128 45 0.49817
128 52 0.99224
128 55 0.35966
128 60 0.8054
128 61 0.13437
128 66 0.87872
128 67 0.59294
128 71 0.12976
128 88 0.72809
128 94 0.38549
128 109 0.65741
128 110 0.53021
128 112 0.66349
128 116 0.40016
128 118 0.60609
128 119 0.31755
128 126 0.68921
128 130 0.79065
128 136 0.75142
128 154 0.84749
128 155 0.28697
128 157 0.01036
128 159 0.96512
128 163 0.77387
128 166 0.96977
128 169 0.38475
128 170 0.16352
128 172 0.74684
128 174 0.38012
128 175 0.65432
128 185 0.18894
128 188 0.42034
131 21 0.50876
131 25 0.98881
131 36 0.48275
131 41 0.82999
131 45 0.72034
131 52 0.73396
131 55 0.94098
131 60 0.51558
131 61 0.72415
131 66 0.34117
131 67 0.89187
131 71 0.28306
131 88 0.55965
131 94 0.1778
131 109 0.862
131 110 0.28295
131 112 0.53486
131 116 0.45029
131 118 0.2048
131 119 0.04841
131 126 0.66718
131 130 0.92225
131 136 0.24985
131 154 0.0068
131 155 0.81165
131 157 0.38275
131 159 0.41604
131 163 0.47259
131 166 0.20396
131 169 0.98258
131 170 0.99687
131 172 0.83836
131 174 0.37907
131 175 0.44451
131 185 0.19285
131 188 0.19178
148 21 0.32442
148 25 0.85906
148 36 0.28099
148 41 0.79545
148 45 0.20487
148 52 0.40615
148 55 0.88103
148 60 0.3548
148 61 0.56137
148 66 0.46469
148 67 0.34839
148 71 0.45242
148 88 0.46701
148 94 0.13939
148 109 0.46753
148 110 0.30418
148 112 0.71731
148 116 0.62624
148 118 0.62818
148 119 0.18567
148 126 0.08121
148 130 0.24158
148 136 0.10384
148 154 0.28056
148 155 0.04003
148 157 0.88288
148 159 0.84494
148 163 0.07451
148 166 0.7396
148 169 0.87672
148 170 0.88866
148 172 0.25214
148 174 0.54724
148 175 0.75969
148 185 0.8796
148 188 0.74922
149 21 0.72979
149 25 0.20197
149 36 0.29567
149 41 0.8953
149 45 0.59008
149 52 0.48431
149 55 0.16036
149 60 0.25674
149 61 0.20535
149 66 0.79126
149 67 0.1991
149 71 0.69421
149 88 0.46659
149 94 0.98225
149 109 0.82499
149 110 0.3006
149 112 0.83597
149 116 0.33564
149 118 0.1965
149 119 0.44276
149 126 0.45718
149 130 0.24681
149 136 0.3025
149 154 0.15301
149 155 0.73007
149 157 0.37299
149 159 0.56675
149 163 0.74762
149 166 0.41012
149 169 0.59523
149 170 0.82547
149 172 0.40213
149 174 0.9226
149 175 0.37022
149 185 0.65469
149 188 0.13055
153 21 0.75059
153 25 0.93159
153 36 0.11699
153 41 0.87996
153 45 0.39816
153 52 0.06247
153 55 0.31135
153 60 0.8138
153 61 0.20944
153 66 0.00556
153 67 0.07732
153 71 0.96927
153 88 0.761
153 94 0.99062
153 109 0.96938
153 110 0.19218
153 112 0.20046
153 116 0.63507
153 118 0.27413
153 119 0.26157
153 126 0.32847
153 130 0.77513
153 136 0.80704
153 154 0.73101
153 155 0.99363
153 157 0.34769
153 159 0.33175
153 163 0.02579
153 166 0.05375
153 169 0.44941
153 170 0.98619
153 172 0.91217
153 174 0.71015
153 175 0.83649
153 185 0.59245
153 188 0.68108
158 21 0.94686
158 25 0.47217
158 36 0.97926
158 41 0.3439
158 45 0.52591
158 52 0.62756
158 55 0.13144
158 60 0.45557
158 61 0.57836
158 66 0.51712
158 67 0.1947
158 71 0.32882
158 88 0.00297
158 94 0.14377
158 109 0.72273
158 110 0.3529
158 112 0.40315
158 116 0.95013
158 118 0.7571
158 119 0.56408
158 126 0.46517
158 130 0.42681
158 136 0.37865
158 154 0.13837
158 155 0.59379
158 157 0.84055
158 159 0.31408
158 163 0.21435
158 166 0.14781
158 169 0.23227
158 170 0.07627
158 172 0.62367
158 174 0.40338
158 175 0.61615
158 185 0.1959
158 188 0.69795
160 21 0.83477
160 25 0.70179
160 36 0.53846
160 41 0.00937
160 45 0.81582
160 52 0.87624
160 55 0.52093
160 60 0.81132
160 61 0.23766
160 66 0.73045
160 67 0.53485
160 71 0.50147
160 88 0.36649
160 94 0.58632
160 109 0.82476
160 110 0.1886
160 112 0.60199
160 116 0.03335
160 118 0.50949
160 119 0.71518
160 126 0.97406
160 130 0.5381
160 136 0.18724
160 154 0.35277
160 155 0.29472
160 157 0.40886
160 159 0.23189
160 163 0.84003
160 166 0.11849
160 169 0.92636
160 170 0.9187
160 172 0.91731
160 174 0.00067
160 175 0.13797
160 185 0.82354
160 188 0.6518
162 21 0.39619
162 25 0.22646
162 36 0.4647
162 41 0.39617
162 45 0.88401
162 52 0.23408
162 55 0.90212
162 60 0.47387
162 61 0.11462
162 66 0.75638
162 67 0.76254
162 71 0.60517
162 88 0.29783
162 94 0.66524
162 109 0.71057
162 110 0.1739
162 112 0.33561
162 116 0.79156
162 118 0.36811
162 119 0.01883
162 126 0.29492
162 130 0.31985
162 136 0.66155
162 154 0.12718
162 155 0.89739
162 157 0.07443
162 159 0.51402
162 163 0.04636
162 166 0.79356
162 169 0.47466
162 170 0.64349
162 172 0.54159
162 174 0.31389
162 175 0.57462
162 185 0.37218
162 188 0.755
164 21 0.31898
164 25 0.35873
164 36 0.98298
164 41 0.06357
164 45 0.10942
164 52 0.85844
164 55 0.70376
164 60 0.89704
164 61 0.61268
164 66 0.54266
164 67 0.47848
164 71 0.99349
164 88 0.47652
164 94 0.11276
164 109 0.31825
164 110 0.04173
164 112 0.7249
164 116 0.41631
164 118 0.50631
164 119 0.06573
164 126 0.85394
164 130 0.12772
164 136 0.52163
164 154 0.61147
164 155 0.85511
164 157 0.65761
164 159 0.70508
164 163 0.33324
164 166 0.27306
164 169 0.60315
164 170 0.05192
164 172 0.01382
164 174 0.05101
164 175 0.5118
164 185 0.11807
164 188 0.25112
168 21 0.45569
168 25 0.04663
168 36 0.94703
168 41 0.09158
168 45 0.07569
168 52 0.26921
168 55 0.23181
168 60 0.27453
168 61 0.60222
168 66 0.13978
168 67 0.30841
168 71 0.44143
168 88 0.78635
168 94 0.42196
168 109 0.57698
168 110 0.38994
168 112 0.16578
168 116 0.84961
168 118 0.74601
168 119 0.30478
168 126 0.39809
168 130 0.53443
168 136 0.08518
168 154 0.03724
168 155 0.66119
168 157 0.20944
168 159 0.91967
168 163 0.47696
168 166 0.1364
168 169 0.96013
168 170 0.37189
168 172 0.76774
168 174 0.29604
168 175 0.42597
168 185 0.16984
168 188 0.71991
178 21 0.94005
178 25 0.36722
178 36 0.41415
178 41 0.27555
178 45 0.50246
178 52 0.32737
178 55 0.72507
178 60 0.17063
178 61 0.18854
178 66 0.02397
178 67 0.67209
178 71 0.83403
178 88 0.07448
178 94 0.28897
178 109 0.69071
178 110 0.63123
178 112 0.04297
178 116 0.75764
178 118 0.60017
178 119 0.14038
178 126 0.9194
178 130 0.12349
178 136 0.78832
178 154 0.15307
178 155 0.91971
178 157 0.61708
178 159 0.03957
178 163 0.34361
178 166 0.10758
178 169 0.49887
178 170 0.02919
178 172 0.40021
178 174 0.69017
178 175 0.68253
178 185 0.88153
178 188 0.9262
187 21 0.93285
187 25 0.14621
187 36 0.86248
187 41 0.18062
187 45 0.25998
187 52 0.38144
187 55 0.03858
187 60 0.09365
187 61 0.39436
187 66 0.88039
187 67 0.07716
187 71 0.23003
187 88 0.52159
187 94 0.88409
187 109 0.49696
187 110 0.26456
187 112 0.50493
187 116 0.53535
187 118 0.39668
187 119 0.89052
187 126 0.88194
187 130 0.91015
187 136 0.54328
187 154 0.762
187 155 0.91066
187 157 0.4295
187 159 0.50816
187 163 0.65062
187 166 0.58578
187 169 0.90804
187 170 0.23841
187 172 0.04288
187 174 0.69928
187 175 0.72847
187 185 0.18881
187 188 0.90766
