22 43 0.27817
22 46 0.70134
22 53 0.31584
22 59 0.97585
22 71 0.06882
22 75 0.3465
22 89 0.89971
22 90 0.59785
22 101 0.92327
22 105 0.95235
22 111 0.39084
22 113 0.56465
22 115 0.64573
22 116 0.59829
22 121 0.21984
22 131 0.89029
22 132 0.92328
22 135 0.11623
22 137 0.56675
22 142 0.50538
22 143 0.787
22 146 0.21687
22 158 0.30988
22 160 0.01288
22 168 0.24984
22 176 0.05088
22 179 0.79113
22 180 0.86459
22 181 0.64793
22 183 0.15106
22 186 0.68504
22 188 0.08542
45 43 0.45202
45 46 0.29346
45 53 0.84872
45 59 0.18315
45 71 0.88491
45 75 0.93757
45 89 0.14737
45 90 0.42356
45 101 0.48665
45 105 0.3937
45 111 0.5624
45 113 0.29382
45 115 0.79688
45 116 0.13349
45 121 0.80728
45 131 0.33235
45 132 0.79369
45 135 0.29991
45 137 0.87671
45 142 0.98282
45 143 0.08106
45 146 0.052
45 158 0.10803
45 160 0.13256
45 168 0.15222
45 176 0.53032
45 179 0.84471
45 180 0.9884
45 181 0.6974
45 183 0.20722
45 186 0.37174
45 188 0.9891
52 43 0.10394
52 46 0.53593
52 53 0.38728
52 59 0.29004
52 71 0.86342
52 75 0.8571
52 89 0.49414
52 90 0.16278
52 101 0.36129
52 105 0.54969
52 111 0.18746
52 113 0.59061
52 115 0.8821
52 116 0.11878
52 121 0.47727
52 131 0.90131
52 132 0.84773
52 135 0.18858
52 137 0.1798
52 142 0.86279
52 143 0.74087
52 146 0.84936
52 158 0.13549
52 160 0.55576
52 168 0.68769
52 176 0.47058
52 179 0.43771
52 180 0.75322
52 181 0.86854
52 183 0.28559
52 186 0.58762
52 188 0.38622
57 43 0.63703
57 46 0.71323
57 53 0.76639
57 59 0.07498
57 71 0.40239
57 75 0.99896
57 89 0.98907
57 90 0.76492
57 101 0.2538
57 105 0.87114
57 111 0.91223
57 113 0.85829
57 115 0.35438
57 116 0.65008
57 121 0.24429
57 131 0.36515
57 132 0.11878
57 135 0.88527
57 137 0.5984
57 142 0.85292
57 143 0.08508
57 146 0.91235
57 158 0.6985
57 160 0.45108
57 168 0.08985
57 176 0.82637
57 179 0.53865
57 180 0.65276
57 181 0.13685
57 183 0.49862
57 186 0.13203
57 188 0.90691
67 43 0.40284
67 46 0.94412
67 53 0.15464
67 59 0.16225
67 71 0.28741
67 75 0.22161
67 89 0.14091
67 90 0.83969
67 101 0.53016
67 105 0.80662
67 111 0.05171
67 113 0.94868
67 115 0.76543
67 116 0.01071
67 121 0.3823
67 131 0.02289
67 132 0.82504
67 135 0.41415
67 137 0.53753
67 142 0.03162
67 143 0.86106
67 146 0.70797
67 158 0.64178
67 160 0.22939
67 168 0.59593
67 176 0.26089
67 179 0.77781
67 180 0.52622
67 181 0.44836
67 183 0.46852
67 186 0.96743
67 188 0.54358
81 43 0.2178
81 46 0.92179
81 53 0.16818
81 59 0.46294
81 71 0.39834
81 75 0.77708
81 89 0.90146
81 90 0.66963
81 101 0.09418
81 105 0.31066
81 111 0.51008
81 113 0.94791
81 115 0.93933
81 116 0.91146
81 121 0.58031
81 131 0.18097
81 132 0.92141
81 135 0.72062
81 137 0.08546
81 142 0.05758
81 143 0.45791
81 146 0.75932
81 158 0.6985
81 160 0.06846
81 168 0.27392
81 176 0.18351
81 179 0.46647
81 180 0.26976
81 181 0.87149
81 183 0.46322
81 186 0.9689
81 188 0.45391
86 43 0.00335
86 46 0.06671
86 53 0.86147
86 59 0.25437
86 71 0.67116
86 75 0.67796
86 89 0.10242
86 90 0.83157
86 101 0.53015
86 105 0.22977
86 111 0.46868
86 113 0.04155
86 115 0.54816
86 116 0.13761
86 121 0.62029
86 131 0.22725
86 132 0.64024
86 135 0.78425
86 137 0.16262
86 142 0.17427
86 143 0.39935
86 146 0.91677
86 158 0.57431
86 160 0.02194
86 168 0.6298
86 176 0.00812
86 179 0.78223
86 180 0.0383
86 181 0.11971
86 183 0.85128
86 186 0.53059
86 188 0.23776
106 43 0.65795
106 46 0.61586
106 53 0.09945
106 59 0.04277
106 71 0.99241
106 75 0.44955
106 89 0.86721
106 90 0.02064
106 101 0.27419
106 105 0.45543
106 111 0.69781
106 113 0.39463
106 115 0.64799
106 116 0.95632
106 121 0.24597
106 131 0.25968
106 132 0.89937
106 135 0.00868
106 137 0.32286
106 142 0.68863
106 143 0.95447
106 146 0.47712
106 158 0.39394
106 160 0.55126
106 168 0.12735
106 176 0.52875
106 179 0.8052
106 180 0.56885
106 181 0.94173
106 183 0.4295
106 186 0.85058
106 188 0.24128
108 43 0.22631
108 46 0.34686
108 53 0.65318
108 59 0.88934
108 71 0.92502
108 75 0.14202
108 89 0.12045
108 90 0.98036
108 101 0.13132
108 105 0.26536
108 111 0.67217
108 113 0.6255
108 115 0.76565
108 116 0.07735
108 121 0.44004
108 131 0.56531
108 132 0.65757
108 135 0.70844
108 137 0.05164
108 142 0.93847
108 143 0.74013
108 146 0.12637
108 158 0.47962
108 160 0.40392
108 168 0.13762
108 176 0.22303
108 179 0.73929
108 180 0.20652
108 181 0.5999
108 183 0.99207
108 186 0.34424
108 188 0.49686
109 43 0.94852
109 46 0.33123
109 53 0.86026
109 59 0.39121
109 71 0.27049
109 75 0.58889
109 89 0.05399
109 90 0.10094
109 101 0.82559
109 105 0.80142
109 111 0.0534
109 113 0.3329
109 115 0.27229
109 116 0.21726
109 121 0.43834
109 131 0.8886
109 132 0.92535
109 135 0.16057
109 137 0.89077
109 142 0.37474
109 143 0.83988
109 146 0.65588
109 158 0.02734
109 160 0.77622
109 168 0.99723
109 176 0.62601
109 179 0.79348
109 180 0.24912
109 181 0.73282
109 183 0.50612
109 186 0.50961
109 188 0.57477
112 43 0.05094
112 46 0.52874
112 53 0.68023
112 59 0.54577
112 71 0.72177
112 75 0.98887
112 89 0.49873
112 90 0.4907
112 101 0.57724
112 105 0.35683
112 111 0.94968
112 113 0.19745
112 115 0.83228
112 116 0.46417
112 121 0.13301
112 131 0.42021
112 132 0.51902
112 135 0.76318
112 137 0.74849
112 142 0.09701
112 143 0.42679
112 146 0.16548
112 158 0.8498
112 160 0.87894
112 168 0.40268
112 176 0.09641
112 179 0.67342
112 180 0.97426
112 181 0.52175
112 183 0.6054
112 186 0.67568
112 188 0.24674
117 43 0.12392
117 46 0.78386
117 53 0.88249
117 59 0.27476
117 71 0.73225
117 75 0.8783
117 89 0.04836
117 90 0.07369
117 101 0.69492
117 105 0.3663
117 111 0.48836
117 113 0.96999
117 115 0.44472
117 116 0.92244
117 121 0.13139
117 131 0.54804
117 132 0.58377
117 135 0.25614
117 137 0.90539
117 142 0.00191
117 143 0.06364
117 146 0.24809
117 158 0.8839
117 160 0.1751
117 168 0.75651
117 176 0.70734
117 179 0.33972
117 180 0.67254
117 181 0.6427
117 183 0.84843
117 186 0.66882
117 188 0.43497
122 43 0.88188
122 46 0.59203
122 53 0.92625
122 59 0.09981
122 71 0.90267
122 75 0.27519
122 89 0.98984
122 90 0.73074
122 101 0.14827
122 105 0.8109
122 111 0.55161
122 113 0.26807
122 115 0.60715
122 116 0.20118
122 121 0.37196
122 131 0.44308
122 132 0.12641
122 135 0.23335
122 137 0.64106
122 142 0.40786
122 143 0.32703
122 146 0.65146
122 158 0.66563
122 160 0.49464
122 168 0.499
122 176 0.30824
122 179 0.81029
122 180 0.1277
122 181 0.00646
122 183 0.37694
122 186 0.17433
122 188 0.00211
124 43 0.90347
124 46 0.45647
124 53 0.09714
124 59 0.57115
124 71 0.87148
124 75 0.35101
124 89 0.09553
124 90 0.5518
124 101 0.33911
124 105 0.98876
124 111 0.22777
124 113 0.74016
124 115 0.92991
124 116 0.00013
124 121 0.11907
124 131 0.84623
124 132 0.07738
124 135 0.6918
124 137 0.65723
124 142 0.65422
124 143 0.16561
124 146 0.30521
124 158 0.29895
124 160 0.60877
124 168 0.15317
124 176 0.82187
124 179 0.23609
124 180 0.53925
124 181 0.38395
124 183 0.08205
124 186 0.20503
124 188 0.40062
128 43 0.11672
128 46 0.80837
128 53 0.86809
128 59 0.56554
128 71 0.67999
128 75 0.66011
128 89 0.82711
128 90 0.23639
128 101 0.55557
128 105 0.54456
128 111 0.95662
128 113 0.66647
128 115 0.92026
128 116 0.67053
128 121 0.63902
128 131 0.47497
128 132 0.31228
128 135 0.54239
128 137 0.57801
128 142 0.0195
128 143 0.91614
128 146 0.12246
128 158 0.31644
128 160 0.51593
128 168 0.26349
128 176 0.19355
128 179 0.47948
128 180 0.06409
128 181 0.72328
128 183 0.04779
128 186 0.01235
128 188 0.56164
133 43 0.64026
133 46 0.0135
133 53 0.85807
133 59 0.84429
133 71 0.46687
133 75 0.2135
133 89 0.21331
133 90 0.62628
133 101 0.58697
133 105 0.09808
133 111 0.04043
133 113 0.54001
133 115 0.66679
133 116 0.87337
133 121 0.21047
133 131 0.14629
133 132 0.32008
133 135 0.17985
133 137 0.70967
133 142 0.07233
133 143 0.06665
133 146 0.38093
133 158 0.37353
133 160 0.45529
133 168 0.75487
133 176 0.50107
133 179 0.0705
133 180 0.53539
133 181 0.09747
133 183 0.69216
133 186 0.86148
133 188 0.51562
140 43 0.98191
140 46 0.07267
140 53 0.53273
140 59 0.2536
140 71 0.8514
140 75 0.56512
140 89 0.55834
140 90 0.24391
140 101 0.92172
140 105 0.00892
140 111 0.87401
140 113 0.02808
140 115 0.81622
140 116 0.33608
140 121 0.05669
140 131 0.44968
140 132 0.89456
140 135 0.11317
140 137 0.9151
140 142 0.98054
140 143 0.19007
140 146 0.54497
140 158 0.00647
140 160 0.75215
140 168 0.80307
140 176 0.8823
140 179 0.92201
140 180 0.51017
140 181 0.75646
140 183 0.79628
140 186 0.33457
140 188 0.97173
147 43 0.32232
147 46 0.77709
147 53 0.32517
147 59 0.62255
147 71 0.6844
147 75 0.44199
147 89 0.24251
147 90 0.9884
147 101 0.03415
147 105 0.91724
147 111 0.50964
147 113 0.55108
147 115 0.29678
147 116 0.87425
147 121 0.2311
147 131 0.1371
147 132 0.85287
147 135 0.1608
147 137 0.03569
147 142 0.07409
147 143 0.48628
147 146 0.15095
147 158 0.90452
147 160 0.19659
147 168 0.90461
147 176 0.81222
147 179 0.33555
147 180 0.93854
147 181 0.4584
147 183 0.25499
147 186 0.97168
147 188 0.79727
151 43 0.73303
151 46 0.6506
151 53 0.62291
151 59 0.58709
151 71 0.76699
151 75 0.37516
151 89 0.28886
151 90 0.96692
151 101 0.90469
151 105 0.52361
151 111 0.52061
151 113 0.4291
151 115 0.25295
151 116 0.0199
151 121 0.52439
151 131 0.95972
151 132 0.23205
151 135 0.80621
151 137 0.39201
151 142 0.2835
151 143 0.29386
151 146 0.94342
151 158 0.83861
151 160 0.38685
151 168 0.35568
151 176 0.04689
151 179 0.64828
151 180 0.40677
151 181 0.52084
151 183 0.3666
151 186 0.40643
151 188 0.10033
156 43 0.59559
156 46 0.41632
156 53 0.47918
156 59 0.1544
156 71 0.82824
156 75 0.83894
156 89 0.56084
156 90 0.38681
156 101 0.31437
156 105 0.15056
156 111 0.60331
156 113 0.49058
156 115 0.5844
156 116 0.82687
156 121 0.58229
156 131 0.75969
156 132 0.85854
156 135 0.05261
156 137 0.12211
156 142 0.29269
156 143 0.75513
156 146 0.9183
156 158 0.14736
156 160 0.6781
156 168 0.0455
156 176 0.34662
156 179 0.50665
156 180 0.83105
156 181 0.05376
156 183 0.89123
156 186 0.7003
156 188 0.23643
167 43 0.98688
167 46 0.44564
167 53 0.73238
167 59 0.93305
167 71 0.34612
167 75 0.45133
167 89 0.79552
167 90 0.72772
167 101 0.36409
167 105 0.39165
167 111 0.67635
167 113 0.19656
167 115 0.53006
167 116 0.87296
167 121 0.87451
167 131 0.44398
167 132 0.13353
167 135 0.1111
167 137 0.39864
167 142 0.44082
167 143 0.99098
167 146 0.72701
167 158 0.23188
167 160 0.1431
167 168 0.3804
167 176 0.06812
167 179 0.7211
167 180 0.77818
167 181 0.61499
167 183 0.11863
167 186 0.94313
167 188 0.77601
182 43 0.12109
182 46 0.79182
182 53 0.07213
182 59 0.37636
182 71 0.51028
182 75 0.38403
182 89 0.17114
182 90 0.0701
182 101 0.28993
182 105 0.55484
182 111 0.61274
182 113 0.22072
182 115 0.68296
182 116 0.49023
182 121 0.90726
182 131 0.50399
182 132 0.0528
182 135 0.99789
182 137 0.12011
182 142 0.6329
182 143 0.83504
182 146 0.46097
182 158 0.53798
182 160 0.7728
182 168 0.34035
182 176 0.23451
182 179 0.04265
182 180 0.163
182 181 0.22247
182 183 0.82208
182 186 0.90066
182 188 0.61632
