17 21 0.24003
17 25 0.03255
17 36 0.91018
17 41 0.61426
17 45 0.48693
17 52 0.94602
17 55 0.14152
17 60 0.72498
17 61 0.07265
17 66 0.46483
17 67 0.34146
17 71 0.06181
17 74 0.19666
17 88 0.08907
17 94 0.45333
17 106 0.38219
17 109 0.23822
17 110 0.07742
17 112 0.79555
17 116 0.5204
17 117 0.36488
17 118 0.24762
17 119 0.09219
17 126 0.96668
17 129 0.88981
17 130 0.7969
17 136 0.8666
17 140 0.33707
46 21 0.69897
46 25 0.25333
46 36 0.03484
46 41 0.54576
46 45 0.15253
46 52 0.98419
46 55 0.14807
46 60 0.0016
46 61 0.79533
46 66 0.13261
46 67 0.30086
46 71 0.66599
46 74 0.16389
46 88 0.22283
46 94 0.61614
46 106 0.00759
46 109 0.12675
46 110 0.01332
46 112 0.00135
46 116 0.34989
46 117 0.75512
46 118 0.50747
46 119 0.42433
46 126 0.45151
46 129 0.64048
46 130 0.12617
46 136 0.28291
46 140 0.47254
69 21 0.02529
69 25 0.57353
69 36 0.17552
69 41 0.42808
69 45 0.31702
69 52 0.05198
69 55 0.30596
69 60 0.40679
69 61 0.34371
69 66 0.63878
69 67 0.7974
69 71 0.03189
69 74 0.65793
69 88 0.12605
69 94 0.52314
69 106 0.03161
69 109 0.48275
69 110 0.30352
69 112 0.34282
69 116 0.13693
69 117 0.97245
69 118 0.69876
69 119 0.73634
69 126 0.65615
69 129 0.57884
69 130 0.03576
69 136 0.29534
69 140 0.11593
75 21 0.53166
75 25 0.59654
75 36 0.33669
75 41 0.74552
75 45 0.81203
75 52 0.65376
75 55 0.31452
75 60 0.02117
75 61 0.74288
75 66 0.50931
75 67 0.46013
75 71 0.95673
75 74 0.94917
75 88 0.34654
75 94 0.54217
75 106 0.4024
75 109 0.74597
75 110 0.511
75 112 0.32711
75 116 0.56288
75 117 0.54316
75 118 0.48757
75 119 0.55579
75 126 0.10376
75 129 0.85206
75 130 0.29247
75 136 0.87332
75 140 0.05104
77 21 0.22432
77 25 0.37326
77 36 0.01797
77 41 0.18296
77 45 0.47991
77 52 0.63837
77 55 0.17142
77 60 0.32917
77 61 0.59934
77 66 0.75836
77 67 0.79418
77 71 0.00305
77 74 0.35923
77 88 0.39403
77 94 0.42416
77 106 0.46872
77 109 0.02728
77 110 0.90642
77 112 0.47968
77 116 0.97153
77 117 0.94992
77 118 0.42434
77 119 0.40506
77 126 0.56523
77 129 0.1157
77 130 0.87207
77 136 0.41438
77 140 0.59743
78 21 0.38131
78 25 0.38731
78 36 0.9928
78 41 0.58751
78 45 0.00027
78 52 0.08638
78 55 0.78277
78 60 0.81112
78 61 0.77984
78 66 0.72994
78 67 0.63574
78 71 0.26081
78 74 0.0901
78 88 0.20002
78 94 0.16076
78 106 0.38085
78 109 0.68349
78 110 0.52803
78 112 0.6404
78 116 0.49561
78 117 0.68765
78 118 0.96041
78 119 0.67342
78 126 0.03564
78 129 0.20627
78 130 0.57048
78 136 0.11664
78 140 0.43413
79 21 0.48848
79 25 0.42503
79 36 0.16419
79 41 0.78629
79 45 0.59554
79 52 0.03337
79 55 0.05817
79 60 0.16635
79 61 0.68123
79 66 0.64096
79 67 0.43349
79 71 0.29437
79 74 0.77342
79 88 0.72812
79 94 0.79203
79 106 0.72802
79 109 0.62185
79 110 0.87967
79 112 0.26564
79 116 0.0425
79 117 0.73828
79 118 0.35421
79 119 0.62904
79 126 0.82343
79 129 0.70256
79 130 0.97824
79 136 0.87154
79 140 0.71187
89 21 0.53387
89 25 0.39403
89 36 0.09522
89 41 0.1731
89 45 0.53398
89 52 0.35207
89 55 0.47922
89 60 0.83993
89 61 0.58621
89 66 0.10995
89 67 0.85734
89 71 0.96775
89 74 0.27817
89 88 0.32018
89 94 0.62027
89 106 0.95921
89 109 0.37116
89 110 0.57656
89 112 0.7163
89 116 0.3132
89 117 0.80581
89 118 0.1567
89 119 0.05133
89 126 0.72485
89 129 0.97318
89 130 0.82636
89 136 0.78716
89 140 0.09702
90 21 0.75534
90 25 0.31395
90 36 0.66532
90 41 0.64991
90 45 0.59802
90 52 0.7789
90 55 0.84423
90 60 0.85686
90 61 0.56721
90 66 0.92295
90 67 0.24321
90 71 0.67527
90 74 0.09127
90 88 0.06756
90 94 0.94568
90 106 0.74164
90 109 0.52976
90 110 0.22107
90 112 0.51827
90 116 0.59488
90 117 0.36266
90 118 0.90428
90 119 0.134
90 126 0.45439
90 129 0.91901
90 130 0.68387
90 136 0.29524
90 140 0.46112
93 21 0.70601
93 25 0.69312
93 36 0.97184
93 41 0.83908
93 45 0.26487
93 52 0.32379
93 55 0.55774
93 60 0.62074
93 61 0.429
93 66 0.73475
93 67 0.62025
93 71 0.76654
93 74 0.73886
93 88 0.77201
93 94 0.79476
93 106 0.89861
93 109 0.06578
93 110 0.79154
93 112 0.03998
93 116 0.42559
93 117 0.0552
93 118 0.48948
93 119 0.53416
93 126 0.06547
93 129 0.20933
93 130 0.34918
93 136 0.00721
93 140 0.98022
96 21 0.41158
96 25 0.15055
96 36 0.75253
96 41 0.43455
96 45 0.43507
96 52 0.9886
96 55 0.88827
96 60 0.6158
96 61 0.49971
96 66 0.94461
96 67 0.88571
96 71 0.775
96 74 0.365
96 88 0.34323
96 94 0.76538
96 106 0.1937
96 109 0.80925
96 110 0.29993
96 112 0.21213
96 116 0.87784
96 117 0.30164
96 118 0.46338
96 119 0.26717
96 126 0.19885
96 129 0.24848
96 130 0.77003
96 136 0.17213
96 140 0.72411
98 21 0.18037
98 25 0.14009
98 36 0.94806
98 41 0.96313
98 45 0.06273
98 52 0.39511
98 55 0.96261
98 60 0.95579
98 61 0.02185
98 66 0.24844
98 67 0.34805
98 71 0.59259
98 74 0.0794
98 88 0.02106
98 94 0.53025
98 106 0.64314
98 109 0.28412
98 110 0.01836
98 112 0.95723
98 116 0.34524
98 117 0.29639
98 118 0.7187
98 119 0.87983
98 126 0.10019
98 129 0.40162
98 130 0.95074
98 136 0.68525
98 140 0.71494
103 21 0.50965
103 25 0.39153
103 36 0.55823
103 41 0.0086
103 45 0.30968
103 52 0.55111
103 55 0.82336
103 60 0.65767
103 61 0.66364
103 66 0.59273
103 67 0.82414
103 71 0.04637
103 74 0.65119
103 88 0.34754
103 94 0.55434
103 106 0.50854
103 109 0.46396
103 110 0.64263
103 112 0.03727
103 116 0.83585
103 117 0.35411
103 118 0.13694
103 119 0.55536
103 126 0.38228
103 129 0.16056
103 130 0.66657
103 136 0.6544
103 140 0.2903
104 21 0.80414
104 25 0.6086
104 36 0.91429
104 41 0.91904
104 45 0.2189
104 52 0.35568
104 55 0.71584
104 60 0.54052
104 61 0.28291
104 66 0.5851
104 67 0.93687
104 71 0.64375
104 74 0.91236
104 88 0.54275
104 94 0.92104
104 106 0.41043
104 109 0.58744
104 110 0.238
104 112 0.5367
104 116 0.90678
104 117 0.83508
104 118 0.12699
104 119 0.46958
104 126 0.05616
104 129 0.41282
104 130 0.71238
104 136 0.94243
104 140 0.06697
107 21 0.64564
107 25 0.24057
107 36 0.50542
107 41 0.6905
107 45 0.08594
107 52 0.61314
107 55 0.96198
107 60 0.99956
107 61 0.7701
107 66 0.07298
107 67 0.24617
107 71 0.62297
107 74 0.73298
107 88 0.22105
107 94 0.02985
107 106 0.11952
107 109 0.08388
107 110 0.66461
107 112 0.07199
107 116 0.31738
107 117 0.32198
107 118 0.94618
107 119 0.6274
107 126 0.8932
107 129 0.09067
107 130 0.74204
107 136 0.40142
107 140 0.45239
111 21 0.63501
111 25 0.73217
111 36 0.54693
111 41 0.5204
111 45 0.44598
111 52 0.52628
111 55 0.11821
111 60 0.34458
111 61 0.94574
111 66 0.80553
111 67 0.3879
111 71 0.7978
111 74 0.02891
111 88 0.6642
111 94 0.25213
111 106 0.67898
111 109 0.43539
111 110 0.57079
111 112 0.67428
111 116 0.16169
111 117 0.96648
111 118 0.40385
111 119 0.9462
111 126 0.60088
111 129 0.02029
111 130 0.90573
111 136 0.25212
111 140 0.34826
113 21 0.83338
113 25 0.43348
113 36 0.44051
113 41 0.89392
113 45 0.14169
113 52 0.87226
113 55 0.97358
113 60 0.8776
113 61 0.62636
113 66 0.37253
113 67 0.88744
113 71 0.01691
113 74 0.87265
113 88 0.42325
113 94 0.45799
113 106 0.18566
113 109 0.93073
113 110 0.96914
113 112 0.40934
113 116 0.49139
113 117 0.93252
113 118 0.71735
113 119 0.44575
113 126 0.23653
113 129 0.75747
113 130 0.19029
113 136 0.38542
113 140 0.67191
128 21 0.11348
128 25 0.77446
128 36 0.51715
128 41 0.27996
128 45 0.97608
128 52 0.06012
128 55 0.47686
128 60 0.09938
128 61 0.94767
128 66 0.63379
128 67 0.478
128 71 0.18529
128 74 0.18837
128 88 0.45056
128 94 0.11915
128 106 0.69944
128 109 0.55373
128 110 0.90104
128 112 0.31751
128 116 0.2273
128 117 0.09892
128 118 0.83824
128 119 0.8661
128 126 0.84695
128 129 0.08493
128 130 0.92265
128 136 0.86124
128 140 0.17379
131 21 0.73266
131 25 0.97717
131 36 0.61081
131 41 0.37175
131 45 0.14972
131 52 0.14977
131 55 0.78312
131 60 0.21607
131 61 0.33025
131 66 0.36356
131 67 0.19584
131 71 0.80676
131 74 0.98373
131 88 0.01523
131 94 0.7294
131 106 0.49628
131 109 0.52969
131 110 0.89058
131 112 0.92636
131 116 0.42246
131 117 0.65006
131 118 0.92613
131 119 0.22854
131 126 0.57722
131 129 0.53886
131 130 0.85028
131 136 0.16272
131 140 0.83277
