22 43 0.02751
22 46 0.88128
22 53 0.91031
22 59 0.15168
22 71 0.17639
22 75 0.59572
22 89 0.37703
22 90 0.03316
22 101 0.4753
22 105 0.86662
22 111 0.04296
22 113 0.08745
22 115 0.80873
22 116 0.03849
22 121 0.69962
22 131 0.67035
22 132 0.15828
22 135 0.52707
22 137 0.2209
22 142 0.3913
22 143 0.95847
22 146 0.98765
22 158 0.18778
22 160 0.56616
22 168 0.72283
22 176 0.64623
22 179 0.76204
22 180 0.99832
22 181 0.26706
22 183 0.4897
22 186 0.21222
22 188 0.2323
22 191 0.50154
22 193 0.67672
45 43 0.33202
45 46 0.18222
45 53 0.09926
45 59 0.71114
45 71 0.78161
45 75 0.90558
45 89 0.64375
45 90 0.42905
45 101 0.54088
45 105 0.69771
45 111 0.1145
45 113 0.76771
45 115 0.38495
45 116 0.02786
45 121 0.58714
45 131 0.25549
45 132 0.16637
45 135 0.83078
45 137 0.96554
45 142 0.32473
45 143 0.40419
45 146 0.23903
45 158 0.86133
45 160 0.7382
45 168 0.43948
45 176 0.1824
45 179 0.31501
45 180 0.5288
45 181 0.48955
45 183 0.12927
45 186 0.26266
45 188 0.72922
45 191 0.74214
45 193 0.19574
52 43 0.03274
52 46 0.57353
52 53 0.02196
52 59 0.3564
52 71 0.70694
52 75 0.52527
52 89 0.34731
52 90 0.08603
52 101 0.60929
52 105 0.11296
52 111 0.20478
52 113 0.4925
52 115 0.28432
52 116 0.99536
52 121 0.31652
52 131 0.53537
52 132 0.31644
52 135 0.58153
52 137 0.93956
52 142 0.66258
52 143 0.87255
52 146 0.31306
52 158 0.63195
52 160 0.71412
52 168 0.11394
52 176 0.22625
52 179 0.47351
52 180 0.65681
52 181 0.41629
52 183 0.14651
52 186 0.1048
52 188 0.43825
52 191 0.29423
52 193 0.5826
57 43 0.78295
57 46 0.25009
57 53 0.45276
57 59 0.64287
57 71 0.71816
57 75 0.67945
57 89 0.81483
57 90 0.24856
57 101 0.98448
57 105 0.52547
57 111 0.92553
57 113 0.11601
57 115 0.06584
57 116 0.99458
57 121 0.32517
57 131 0.26474
57 132 0.32945
57 135 0.59852
57 137 0.31229
57 142 0.01715
57 143 0.88786
57 146 0.31001
57 158 0.66091
57 160 0.0702
57 168 0.64213
57 176 0.18563
57 179 0.26877
57 180 0.40457
57 181 0.51403
57 183 0.35571
57 186 0.17938
57 188 0.60765
57 191 0.32238
57 193 0.34547
67 43 0.61903
67 46 0.2222
67 53 0.50722
67 59 0.8274
67 71 0.69086
67 75 0.85875
67 89 0.61891
67 90 0.9924
67 101 0.85495
67 105 0.174
67 111 0.62229
67 113 0.41677
67 115 0.69967
67 116 0.92155
67 121 0.52473
67 131 0.67079
67 132 0.46225
67 135 0.48012
67 137 0.40136
67 142 0.84887
67 143 0.55177
67 146 0.53758
67 158 0.5364
67 160 0.24028
67 168 0.11778
67 176 0.79087
67 179 0.50247
67 180 0.056
67 181 0.45607
67 183 0.67123
67 186 0.51322
67 188 0.82124
67 191 0.14669
67 193 0.10794
81 43 0.62738
81 46 0.69376
81 53 0.58601
81 59 0.15004
81 71 0.40951
81 75 0.31245
81 89 0.90582
81 90 0.65105
81 101 0.81639
81 105 0.11419
81 111 0.58221
81 113 0.7244
81 115 0.17937
81 116 0.55293
81 121 0.13389
81 131 0.61328
81 132 0.03054
81 135 0.97904
81 137 0.36602
81 142 0.11687
81 143 0.45684
81 146 0.9419
81 158 0.18187
81 160 0.42831
81 168 0.86946
81 176 0.77266
81 179 0.843
81 180 0.82305
81 181 0.56998
81 183 0.30744
81 186 0.23222
81 188 0.00148
81 191 0.33345
81 193 0.09002
86 43 0.542
86 46 0.76618
86 53 0.86879
86 59 0.22194
86 71 0.46973
86 75 0.27334
86 89 0.24743
86 90 0.06402
86 101 0.45854
86 105 0.49925
86 111 0.21557
86 113 0.01693
86 115 0.9008
86 116 0.6397
86 121 0.55167
86 131 0.45892
86 132 0.71957
86 135 0.22907
86 137 0.81029
86 142 0.16817
86 143 0.49005
86 146 0.95124
86 158 0.26888
86 160 0.28497
86 168 0.7951
86 176 0.76519
86 179 0.73804
86 180 0.82454
86 181 0.91081
86 183 0.55917
86 186 0.2494
86 188 0.04917
86 191 0.84209
86 193 0.79832
108 43 0.12441
108 46 0.7097
108 53 0.91335
108 59 0.14508
108 71 0.04891
108 75 0.32196
108 89 0.47803
108 90 0.70334
108 101 0.67074
108 105 0.67246
108 111 0.60828
108 113 0.92799
108 115 0.92669
108 116 0.42578
108 121 0.68777
108 131 0.80607
108 132 0.62069
108 135 0.8121
108 137 0.93265
108 142 0.31627
108 143 0.40268
108 146 0.82317
108 158 0.56992
108 160 0.1098
108 168 0.29863
108 176 0.23322
108 179 0.12521
108 180 0.04554
108 181 0.35809
108 183 0.01491
108 186 0.09141
108 188 0.79318
108 191 0.72001
108 193 0.58113
109 43 0.64603
109 46 0.74882
109 53 0.1481
109 59 0.1757
109 71 0.69121
109 75 0.47752
109 89 0.85211
109 90 0.78014
109 101 0.97419
109 105 0.15868
109 111 0.29305
109 113 0.80723
109 115 0.42403
109 116 0.40561
109 121 0.4397
109 131 0.20115
109 132 0.888
109 135 0.14602
109 137 0.89324
109 142 0.11624
109 143 0.21118
109 146 0.96231
109 158 0.43524
109 160 0.45663
109 168 0.09237
109 176 0.53419
109 179 0.48816
109 180 0.40405
109 181 0.91802
109 183 0.67738
109 186 0.83371
109 188 0.89378
109 191 0.47898
109 193 0.88086
112 43 0.22433
112 46 0.18918
112 53 0.50386
112 59 0.13886
112 71 0.63661
112 75 0.60479
112 89 0.45083
112 90 0.90124
112 101 0.22913
112 105 0.14968
112 111 0.20767
112 113 0.32874
112 115 0.53233
112 116 0.99997
112 121 0.60803
112 131 0.56872
112 132 0.89837
112 135 0.83871
112 137 0.1736
112 142 0.53683
112 143 0.06195
112 146 0.56311
112 158 0.92607
112 160 0.60072
112 168 0.89704
112 176 0.01343
112 179 0.05125
112 180 0.24824
112 181 0.16949
112 183 0.72559
112 186 0.31812
112 188 0.35825
112 191 0.7466
112 193 0.45379
117 43 0.77338
117 46 0.12151
117 53 0.90372
117 59 0.14191
117 71 0.58847
117 75 0.60028
117 89 0.5545
117 90 0.63278
117 101 0.64023
117 105 0.80839
117 111 0.16791
117 113 0.63833
117 115 0.38345
117 116 0.62211
117 121 0.50876
117 131 0.94433
117 132 0.51931
117 135 0.96773
117 137 0.80332
117 142 0.36753
117 143 0.48196
117 146 0.27497
117 158 0.42136
117 160 0.82807
117 168 0.65141
117 176 0.45625
117 179 0.62149
117 180 0.2193
117 181 0.09763
117 183 0.4635
117 186 0.39105
117 188 0.15421
117 191 0.08146
117 193 0.5271
122 43 0.74123
122 46 0.89728
122 53 0.25203
122 59 0.41795
122 71 0.92275
122 75 0.83398
122 89 0.62245
122 90 0.32173
122 101 0.65951
122 105 0.57848
122 111 0.30754
122 113 0.65542
122 115 0.82943
122 116 0.90374
122 121 0.9253
122 131 0.26271
122 132 0.80153
122 135 0.60325
122 137 0.69103
122 142 0.41433
122 143 0.12412
122 146 0.38057
122 158 0.59579
122 160 0.77831
122 168 0.69985
122 176 0.60467
122 179 0.74747
122 180 0.71352
122 181 0.71652
122 183 0.79909
122 186 0.1945
122 188 0.18574
122 191 0.87178
122 193 0.01354
124 43 0.26177
124 46 0.51905
124 53 0.57969
124 59 0.79933
124 71 0.93301
124 75 0.70052
124 89 0.6297
124 90 0.84614
124 101 0.08259
124 105 0.73567
124 111 0.69829
124 113 0.31928
124 115 0.47177
124 116 0.28045
124 121 0.28724
124 131 0.16007
124 132 0.15174
124 135 0.7308
124 137 0.46498
124 142 0.17697
124 143 0.66318
124 146 0.02709
124 158 0.20049
124 160 0.97322
124 168 0.57255
124 176 0.17983
124 179 0.53709
124 180 0.69855
124 181 0.94022
124 183 0.18721
124 186 0.50432
124 188 0.93746
124 191 0.51333
124 193 0.46387
128 43 0.70548
128 46 0.07579
128 53 0.15028
128 59 0.18376
128 71 0.49751
128 75 0.59925
128 89 0.56207
128 90 0.95151
128 101 0.23281
128 105 0.58831
128 111 0.08272
128 113 0.06002
128 115 0.19453
128 116 0.1477
128 121 0.55292
128 131 0.21147
128 132 0.65129
128 135 0.5964
128 137 0.11035
128 142 0.45957
128 143 0.3841
128 146 0.80805
128 158 0.79087
128 160 0.40012
128 168 0.1213
128 176 0.37848
128 179 0.4577
128 180 0.93528
128 181 0.30768
128 183 0.61164
128 186 0.06514
128 188 0.41662
128 191 0.36587
128 193 0.14307
133 43 0.96759
133 46 0.01628
133 53 0.5001
133 59 0.44458
133 71 0.00347
133 75 0.74004
133 89 0.88198
133 90 0.54022
133 101 0.68169
133 105 0.43341
133 111 0.48785
133 113 0.39476
133 115 0.7336
133 116 0.26844
133 121 0.46125
133 131 0.87661
133 132 0.32802
133 135 0.1627
133 137 0.10735
133 142 0.20471
133 143 0.91843
133 146 0.55843
133 158 0.69706
133 160 0.15806
133 168 0.86365
133 176 0.90915
133 179 0.1266
133 180 0.85814
133 181 0.27945
133 183 0.11866
133 186 0.69703
133 188 0.27335
133 191 0.44119
133 193 0.63527
140 43 0.62188
140 46 0.18836
140 53 0.08721
140 59 0.3943
140 71 0.0319
140 75 0.18667
140 89 0.35553
140 90 0.47187
140 101 0.10483
140 105 0.33141
140 111 0.43643
140 113 0.17171
140 115 0.39104
140 116 0.14851
140 121 0.76823
140 131 0.08801
140 132 0.52208
140 135 0.98406
140 137 0.69148
140 142 0.77482
140 143 0.20161
140 146 0.75148
140 158 0.54066
140 160 0.49029
140 168 0.29022
140 176 0.54676
140 179 0.41649
140 180 0.4261
140 181 0.96777
140 183 0.74522
140 186 0.46295
140 188 0.00734
140 191 0.46061
140 193 0.95846
147 43 0.81996
147 46 0.2086
147 53 0.52745
147 59 0.41415
147 71 0.99805
147 75 0.95611
147 89 0.56427
147 90 0.37993
147 101 0.24918
147 105 0.93065
147 111 0.46465
147 113 0.16092
147 115 0.77933
147 116 0.83965
147 121 0.95094
147 131 0.81942
147 132 0.70435
147 135 0.92153
147 137 0.27255
147 142 0.26526
147 143 0.70289
147 146 0.33653
147 158 0.86955
147 160 0.98007
147 168 0.71184
147 176 0.28575
147 179 0.34203
147 180 0.25407
147 181 0.43737
147 183 0.03698
147 186 0.85859
147 188 0.33165
147 191 0.04808
147 193 0.94144
151 43 0.12078
151 46 0.36002
151 53 0.41959
151 59 0.83612
151 71 0.43614
151 75 0.83451
151 89 0.50171
151 90 0.93375
151 101 0.91076
151 105 0.24045
151 111 0.32638
151 113 0.93341
151 115 0.18663
151 116 0.15392
151 121 0.04588
151 131 0.75688
151 132 0.76889
151 135 0.2984
151 137 0.01947
151 142 0.98201
151 143 0.96332
151 146 0.0228
151 158 0.41765
151 160 0.84857
151 168 0.56113
151 176 0.69829
151 179 0.34479
151 180 0.24081
151 181 0.49372
151 183 0.78346
151 186 0.20803
151 188 0.25928
151 191 0.31275
151 193 0.17832
156 43 0.00653
156 46 0.25126
156 53 0.20667
156 59 0.3186
156 71 0.51531
156 75 0.69064
156 89 0.36298
156 90 0.23343
156 101 0.43135
156 105 0.51602
156 111 0.7302
156 113 0.84022
156 115 0.09238
156 116 0.08966
156 121 0.64916
156 131 0.78622
156 132 0.69241
156 135 0.96859
156 137 0.47588
156 142 0.04018
156 143 0.75579
156 146 0.88813
156 158 0.21944
156 160 0.41795
156 168 0.82782
156 176 0.41026
156 179 0.56891
156 180 0.64186
156 181 0.71889
156 183 0.56405
156 186 0.21169
156 188 0.73067
156 191 0.0617
156 193 0.89642
167 43 0.69807
167 46 0.03747
167 53 0.27623
167 59 0.01108
167 71 0.26985
167 75 0.14597
167 89 0.30378
167 90 0.78912
167 101 0.55271
167 105 0.49279
167 111 0.54461
167 113 0.6759
167 115 0.8965
167 116 0.06437
167 121 0.06606
167 131 0.13433
167 132 0.66733
167 135 0.03415
167 137 0.96539
167 142 0.24952
167 143 0.32548
167 146 0.76045
167 158 0.92721
167 160 0.38779
167 168 0.29816
167 176 0.89198
167 179 0.29458
167 180 0.69136
167 181 0.56372
167 183 0.41481
167 186 0.91028
167 188 0.28321
167 191 0.60723
167 193 0.39036
182 43 0.13962
182 46 0.73149
182 53 0.04353
182 59 0.26119
182 71 0.62499
182 75 0.26817
182 89 0.75881
182 90 0.66356
182 101 0.68365
182 105 0.44116
182 111 0.02422
182 113 0.87046
182 115 0.97828
182 116 0.18228
182 121 0.14859
182 131 0.03919
182 132 0.00772
182 135 0.58295
182 137 0.63774
182 142 0.24685
182 143 0.99724
182 146 0.06739
182 158 0.48455
182 160 0.06288
182 168 0.9348
182 176 0.28706
182 179 0.26807
182 180 0.88338
182 181 0.67267
182 183 0.58825
182 186 0.33219
182 188 0.6706
182 191 0.08129
182 193 0.58466
192 43 0.15622
192 46 0.26316
192 53 0.47208
192 59 0.92023
192 71 0.53343
192 75 0.67264
192 89 0.15201
192 90 0.79535
192 101 0.97331
192 105 0.15499
192 111 0.89163
192 113 0.35557
192 115 0.38061
192 116 0.14297
192 121 0.68561
192 131 0.5401
192 132 0.36512
192 135 0.96961
192 137 0.77609
192 142 0.7865
192 143 0.46617
192 146 0.2235
192 158 0.72555
192 160 0.29382
192 168 0.38252
192 176 0.14782
192 179 0.93783
192 180 0.75485
192 181 0.96085
192 183 0.06328
192 186 0.10127
192 188 0.97187
192 191 0.94656
192 193 0.34579
194 43 0.13784
194 46 0.85199
194 53 0.44579
194 59 0.75602
194 71 0.63373
194 75 0.35231
194 89 0.17546
194 90 0.60754
194 101 0.16896
194 105 0.19026
194 111 0.87037
194 113 0.90891
194 115 0.64272
194 116 0.54206
194 121 0.19702
194 131 0.38863
194 132 0.92274
194 135 0.03525
194 137 0.99353
194 142 0.12039
194 143 0.86485
194 146 0.99929
194 158 0.48874
194 160 0.10319
194 168 0.18379
194 176 0.72015
194 179 0.45579
194 180 0.19402
194 181 0.98159
194 183 0.23379
194 186 0.68212
194 188 0.04025
194 191 0.05838
194 193 0.85913
197 43 0.12176
197 46 0.25498
197 53 0.3325
197 59 0.84594
197 71 0.76421
197 75 0.07082
197 89 0.14359
197 90 0.36794
197 101 0.23912
197 105 0.40708
197 111 0.40052
197 113 0.63227
197 115 0.30982
197 116 0.65557
197 121 0.36066
197 131 0.82025
197 132 0.07526
197 135 0.82165
197 137 0.46759
197 142 0.8552
197 143 0.99353
197 146 0.78236
197 158 0.2739
197 160 0.67325
197 168 0.99229
197 176 0.04142
197 179 0.88733
197 180 0.76844
197 181 0.70487
197 183 0.19634
197 186 0.27197
197 188 0.31651
197 191 0.187
197 193 0.52035
200 43 0.97222
200 46 0.47717
200 53 0.28852
200 59 0.25797
200 71 0.02948
200 75 0.01843
200 89 0.77868
200 90 0.8037
200 101 0.84924
200 105 0.24817
200 111 0.63719
200 113 0.07166
200 115 0.86663
200 116 0.25664
200 121 0.82416
200 131 0.39122
200 132 0.90526
200 135 0.22699
200 137 0.89845
200 142 0.34738
200 143 0.2143
200 146 0.02109
200 158 0.61352
200 160 0.69326
200 168 0.43915
200 176 0.62896
200 179 0.14629
200 180 0.85411
200 181 0.85553
200 183 0.6312
200 186 0.66647
200 188 0.22697
200 191 0.83074
200 193 0.2597
