28 9 0.64503
28 12 0.91006
28 18 0.9428
28 33 0.10619
28 39 0.02152
28 43 0.98982
28 48 0.52093
28 51 0.30309
28 53 0.40347
28 58 0.61042
28 59 0.4402
28 60 0.27149
32 9 0.9271
32 12 0.02118
32 18 0.10062
32 33 0.26119
32 39 0.95661
32 43 0.36087
32 48 0.48687
32 51 0.77855
32 53 0.35017
32 58 0.221
32 59 0.68587
32 60 0.7488
42 9 0.31805
42 12 0.81839
42 18 0.25674
42 33 0.77792
42 39 0.53097
42 43 0.05278
42 48 0.69128
42 51 0.34158
42 53 0.48095
42 58 0.87306
42 59 0.82072
42 60 0.43135
49 9 0.79606
49 12 0.62096
49 18 0.89993
49 33 0.47919
49 39 0.22744
49 43 0.2844
49 48 0.23327
49 51 0.34512
49 53 0.38561
49 58 0.00883
49 59 0.90044
49 60 0.14907
52 9 0.24556
52 12 0.5119
52 18 0.00144
52 33 0.62952
52 39 0.4679
52 43 0.67463
52 48 0.05874
52 51 0.17096
52 53 0.87993
52 58 0.85846
52 59 0.51984
52 60 0.79221
55 9 0.26724
55 12 0.40435
55 18 0.74912
55 33 0.6211
55 39 0.36949
55 43 0.79167
55 48 0.89859
55 51 0.92664
55 53 0.58821
55 58 0.29187
55 59 0.49145
55 60 0.27811
57 9 0.29727
57 12 0.27308
57 18 0.55063
57 33 0.46327
57 39 0.93043
57 43 0.52224
57 48 0.56081
57 51 0.70891
57 53 0.61463
57 58 0.71983
57 59 0.75759
57 60 0.73294
