22 33 0.10301
22 39 0.24846
22 43 0.33045
22 46 0.5992
22 50 0.08727
22 53 0.01072
22 55 0.23092
22 59 0.31717
22 71 0.14396
22 75 0.80067
22 80 0.15923
22 82 0.23423
22 84 0.34518
22 89 0.96638
22 90 0.63046
22 101 0.88034
22 103 0.71075
22 105 0.72612
22 111 0.50829
22 113 0.905
22 115 0.37215
22 116 0.3134
45 33 0.63575
45 39 0.53165
45 43 0.75747
45 46 0.39944
45 50 0.57915
45 53 0.98961
45 55 0.86888
45 59 0.21558
45 71 0.13176
45 75 0.57489
45 80 0.71814
45 82 0.75195
45 84 0.18302
45 89 0.34578
45 90 0.85252
45 101 0.33129
45 103 0.28795
45 105 0.80867
45 111 0.6397
45 113 0.86718
45 115 0.70821
45 116 0.78593
52 33 0.82634
52 39 0.0851
52 43 0.795
52 46 0.6168
52 50 0.55998
52 53 0.20751
52 55 0.87579
52 59 0.51472
52 71 0.46905
52 75 0.21004
52 80 0.15293
52 82 0.15342
52 84 0.09597
52 89 0.91269
52 90 0.38858
52 101 0.52754
52 103 0.87659
52 105 0.25085
52 111 0.01283
52 113 0.33974
52 115 0.51144
52 116 0.07691
57 33 0.54099
57 39 0.92
57 43 0.75055
57 46 0.95549
57 50 0.05452
57 53 0.097
57 55 0.10218
57 59 0.08923
57 71 0.52164
57 75 0.66436
57 80 0.24641
57 82 0.79439
57 84 0.19122
57 89 0.35193
57 90 0.97907
57 101 0.36679
57 103 0.15504
57 105 0.43539
57 111 0.42545
57 113 0.21836
57 115 0.44779
57 116 0.14483
67 33 0.08468
67 39 0.22433
67 43 0.3713
67 46 0.18685
67 50 0.22349
67 53 0.78474
67 55 0.51127
67 59 0.77226
67 71 0.39086
67 75 0.57029
67 80 0.83787
67 82 0.24157
67 84 0.72803
67 89 0.14279
67 90 0.89421
67 101 0.64515
67 103 0.19963
67 105 0.51083
67 111 0.63291
67 113 0.35236
67 115 0.22698
67 116 0.90074
81 33 0.95421
81 39 0.09343
81 43 0.75939
81 46 0.20804
81 50 0.68722
81 53 0.21257
81 55 0.20029
81 59 0.95329
81 71 0.93167
81 75 0.71212
81 80 0.92659
81 82 0.84324
81 84 0.7582
81 89 0.7835
81 90 0.96209
81 101 0.31749
81 103 0.07246
81 105 0.75518
81 111 0.51356
81 113 0.59453
81 115 0.2369
81 116 0.62929
86 33 0.28408
86 39 0.19101
86 43 0.52105
86 46 0.65509
86 50 0.91702
86 53 0.75339
86 55 0.44694
86 59 0.48521
86 71 0.63531
86 75 0.11562
86 80 0.09882
86 82 0.17856
86 84 0.10181
86 89 0.03487
86 90 0.24705
86 101 0.02715
86 103 0.68319
86 105 0.58614
86 111 0.28896
86 113 0.4412
86 115 0.86741
86 116 0.27002
94 33 0.74521
94 39 0.65758
94 43 0.46398
94 46 0.65761
94 50 0.20974
94 53 0.79618
94 55 0.82543
94 59 0.11695
94 71 0.28664
94 75 0.62966
94 80 0.26481
94 82 0.20975
94 84 0.84448
94 89 0.97649
94 90 0.80003
94 101 0.55258
94 103 0.68039
94 105 0.98409
94 111 0.97437
94 113 0.85999
94 115 0.79848
94 116 0.54699
98 33 0.83164
98 39 0.63451
98 43 0.53422
98 46 0.44156
98 50 0.31708
98 53 0.52638
98 55 0.5021
98 59 0.02183
98 71 0.53558
98 75 0.12837
98 80 0.64678
98 82 0.16755
98 84 0.9832
98 89 0.53496
98 90 0.81193
98 101 0.96427
98 103 0.79662
98 105 0.73833
98 111 0.26291
98 113 0.63225
98 115 0.29703
98 116 0.73221
106 33 0.83736
106 39 0.47829
106 43 0.25087
106 46 0.52344
106 50 0.273
106 53 0.42868
106 55 0.5328
106 59 0.13821
106 71 0.63357
106 75 0.56087
106 80 0.73365
106 82 0.66173
106 84 0.39878
106 89 0.14742
106 90 0.21544
106 101 0.84296
106 103 0.3798
106 105 0.44236
106 111 0.20026
106 113 0.17547
106 115 0.84497
106 116 0.42279
108 33 0.69311
108 39 0.7106
108 43 0.4186
108 46 0.73922
108 50 0.50244
108 53 0.49149
108 55 0.79368
108 59 0.70653
108 71 0.03463
108 75 0.04229
108 80 0.49166
108 82 0.30015
108 84 0.67669
108 89 0.81677
108 90 0.15237
108 101 0.50115
108 103 0.62898
108 105 0.48531
108 111 0.35296
108 113 0.88724
108 115 0.93202
108 116 0.52932
109 33 0.33452
109 39 0.86621
109 43 0.6975
109 46 0.39553
109 50 0.38311
109 53 0.74057
109 55 0.98737
109 59 0.85177
109 71 0.88148
109 75 0.95465
109 80 0.16424
109 82 0.62799
109 84 0.19351
109 89 0.4767
109 90 0.06016
109 101 0.76187
109 103 0.14891
109 105 0.98031
109 111 0.67795
109 113 0.98348
109 115 0.20061
109 116 0.2327
112 33 0.98017
112 39 0.6511
112 43 0.43717
112 46 0.50585
112 50 0.50926
112 53 0.99127
112 55 0.42327
112 59 0.99631
112 71 0.34754
112 75 0.84917
112 80 0.9335
112 82 0.71269
112 84 0.16156
112 89 0.68552
112 90 0.79495
112 101 0.66057
112 103 0.6105
112 105 0.50903
112 111 0.62316
112 113 0.41249
112 115 0.9738
112 116 0.29537
117 33 0.73761
117 39 0.89547
117 43 0.19862
117 46 0.10577
117 50 0.63359
117 53 0.08329
117 55 0.6222
117 59 0.92489
117 71 0.37495
117 75 0.10298
117 80 0.14936
117 82 0.10755
117 84 0.248
117 89 0.90378
117 90 0.09739
117 101 0.99056
117 103 0.09214
117 105 0.84393
117 111 0.93187
117 113 0.63426
117 115 0.80664
117 116 0.72443
