17 21 0.17792
17 25 0.06703
17 36 0.85732
17 41 0.20805
17 45 0.70804
17 52 0.76593
17 55 0.80913
17 60 0.5109
17 61 0.93909
17 66 0.82913
17 67 0.96473
17 71 0.82814
17 74 0.29462
17 83 0.47522
17 88 0.72759
17 94 0.60636
17 106 0.06853
17 109 0.48443
17 110 0.56309
46 21 0.89498
46 25 0.43623
46 36 0.80727
46 41 0.40691
46 45 0.57154
46 52 0.77211
46 55 0.16129
46 60 0.23597
46 61 0.75189
46 66 0.56851
46 67 0.03302
46 71 0.22721
46 74 0.03362
46 83 0.05613
46 88 0.88194
46 94 0.14733
46 106 0.27425
46 109 0.36421
46 110 0.31524
62 21 0.47499
62 25 0.90529
62 36 0.44761
62 41 0.80415
62 45 0.9361
62 52 0.13549
62 55 0.63156
62 60 0.15116
62 61 0.33111
62 66 0.76003
62 67 0.21015
62 71 0.20492
62 74 0.86984
62 83 0.5835
62 88 0.3159
62 94 0.13105
62 106 0.23886
62 109 0.66037
62 110 0.39148
69 21 0.01256
69 25 0.83652
69 36 0.80713
69 41 0.23468
69 45 0.06923
69 52 0.95864
69 55 0.85059
69 60 0.28519
69 61 0.29583
69 66 0.30793
69 67 0.82619
69 71 0.73185
69 74 0.1248
69 83 0.03661
69 88 0.12234
69 94 0.24725
69 106 0.44836
69 109 0.4414
69 110 0.59164
75 21 0.81275
75 25 0.70595
75 36 0.40931
75 41 0.57209
75 45 0.42119
75 52 0.49496
75 55 0.41842
75 60 0.18341
75 61 0.32023
75 66 0.2701
75 67 0.38182
75 71 0.21207
75 74 0.37287
75 83 0.75833
75 88 0.4564
75 94 0.26362
75 106 0.69271
75 109 0.52728
75 110 0.82019
76 21 0.44701
76 25 0.99075
76 36 0.19705
76 41 0.19769
76 45 0.82187
76 52 0.53182
76 55 0.4567
76 60 0.57454
76 61 0.86536
76 66 0.18932
76 67 0.57356
76 71 0.29275
76 74 0.6186
76 83 0.82184
76 88 0.02395
76 94 0.21448
76 106 0.59201
76 109 0.68214
76 110 0.36836
77 21 0.8661
77 25 0.25594
77 36 0.20899
77 41 0.46323
77 45 0.58875
77 52 0.42135
77 55 0.93229
77 60 0.2768
77 61 0.31961
77 66 0.69216
77 67 0.16117
77 71 0.73893
77 74 0.14172
77 83 0.17027
77 88 0.31659
77 94 0.19653
77 106 0.07713
77 109 0.24718
77 110 0.04718
78 21 0.64465
78 25 0.33005
78 36 0.91172
78 41 0.09483
78 45 0.93957
78 52 0.50776
78 55 0.03941
78 60 0.6162
78 61 0.81581
78 66 0.52186
78 67 0.30393
78 71 0.70136
78 74 0.26983
78 83 0.35108
78 88 0.07957
78 94 0.39989
78 106 0.83982
78 109 0.70985
78 110 0.97746
79 21 0.2761
79 25 0.4549
79 36 0.30983
79 41 0.06932
79 45 0.24255
79 52 0.83773
79 55 0.77543
79 60 0.39428
79 61 0.97635
79 66 0.29317
79 67 0.59711
79 71 0.52111
79 74 0.23106
79 83 0.54043
79 88 0.90643
79 94 0.04346
79 106 0.12358
79 109 0.70975
79 110 0.36654
80 21 0.0287
80 25 0.95849
80 36 0.31426
80 41 0.50458
80 45 0.14831
80 52 0.81846
80 55 0.79788
80 60 0.33917
80 61 0.49457
80 66 0.27212
80 67 0.48567
80 71 0.33138
80 74 0.33413
80 83 0.10546
80 88 0.5941
80 94 0.90041
80 106 0.2224
80 109 0.94922
80 110 0.72741
89 21 0.96968
89 25 0.07278
89 36 0.853
89 41 0.20849
89 45 0.87764
89 52 0.01501
89 55 0.23552
89 60 0.51423
89 61 0.03895
89 66 0.43658
89 67 0.88533
89 71 0.34206
89 74 0.2299
89 83 0.67763
89 88 0.52749
89 94 0.87636
89 106 0.43794
89 109 0.09548
89 110 0.22307
90 21 0.44225
90 25 0.87493
90 36 0.66129
90 41 0.34137
90 45 0.9398
90 52 0.75609
90 55 0.74437
90 60 0.26924
90 61 0.67197
90 66 0.79461
90 67 0.1664
90 71 0.24688
90 74 0.82373
90 83 0.64957
90 88 0.83918
90 94 0.97687
90 106 0.65222
90 109 0.48277
90 110 0.17305
93 21 0.18441
93 25 0.78278
93 36 0.54406
93 41 0.11683
93 45 0.12065
93 52 0.67735
93 55 0.52553
93 60 0.57262
93 61 0.78517
93 66 0.04311
93 67 0.29386
93 71 0.97983
93 74 0.4103
93 83 0.2092
93 88 0.51356
93 94 0.33138
93 106 0.82206
93 109 0.85849
93 110 0.84832
96 21 0.2419
96 25 0.39419
96 36 0.5999
96 41 0.69768
96 45 0.37829
96 52 0.57693
96 55 0.90088
96 60 0.23869
96 61 0.19327
96 66 0.69722
96 67 0.90731
96 71 0.01607
96 74 0.87882
96 83 0.19415
96 88 0.51201
96 94 0.58757
96 106 0.13494
96 109 0.55832
96 110 0.22744
98 21 0.80718
98 25 0.85135
98 36 0.47189
98 41 0.68931
98 45 0.04141
98 52 0.76229
98 55 0.82576
98 60 0.46772
98 61 0.37582
98 66 0.03144
98 67 0.28474
98 71 0.29955
98 74 0.4768
98 83 0.81647
98 88 0.42519
98 94 0.21983
98 106 0.8334
98 109 0.8532
98 110 0.20235
103 21 0.00576
103 25 0.93932
103 36 0.14178
103 41 0.44459
103 45 0.22779
103 52 0.43755
103 55 0.99275
103 60 0.83034
103 61 0.08609
103 66 0.94704
103 67 0.92917
103 71 0.96249
103 74 0.97659
103 83 0.57135
103 88 0.8122
103 94 0.37622
103 106 0.31431
103 109 0.78497
103 110 0.42378
104 21 0.16707
104 25 0.60539
104 36 0.6854
104 41 0.37407
104 45 0.22026
104 52 0.63481
104 55 0.44914
104 60 0.78202
104 61 0.08745
104 66 0.16133
104 67 0.89985
104 71 0.67219
104 74 0.43295
104 83 0.98249
104 88 0.87829
104 94 0.59615
104 106 0.13866
104 109 0.09121
104 110 0.08282
107 21 0.68216
107 25 0.53732
107 36 0.08422
107 41 0.71321
107 45 0.47118
107 52 0.71842
107 55 0.50596
107 60 0.37131
107 61 0.54263
107 66 0.12073
107 67 0.34648
107 71 0.65146
107 74 0.42936
107 83 0.56704
107 88 0.10311
107 94 0.03893
107 106 0.41312
107 109 0.06776
107 110 0.17854
