21 19 0.44115
21 22 0.92488
21 26 0.4204
21 27 0.04151
21 28 0.54002
21 34 0.94774
21 35 0.28975
21 58 0.22475
21 61 0.18432
21 62 0.90227
21 66 0.65437
21 69 0.46119
21 70 0.65921
21 72 0.84112
21 73 0.00582
21 76 0.82393
21 79 0.29435
21 85 0.66839
21 88 0.07985
21 89 0.57002
39 19 0.3954
39 22 0.96561
39 26 0.50853
39 27 0.47054
39 28 0.50426
39 34 0.74362
39 35 0.47673
39 58 0.82117
39 61 0.78292
39 62 0.85027
39 66 0.21737
39 69 0.23159
39 70 0.28798
39 72 0.29199
39 73 0.839
39 76 0.27145
39 79 0.7806
39 85 0.22626
39 88 0.48141
39 89 0.26696
41 19 0.53177
41 22 0.26468
41 26 0.29008
41 27 0.76872
41 28 0.31449
41 34 0.26351
41 35 0.00025
41 58 0.43392
41 61 0.48174
41 62 0.47646
41 66 0.84218
41 69 0.63219
41 70 0.38115
41 72 0.54835
41 73 0.44426
41 76 0.89017
41 79 0.89364
41 85 0.72212
41 88 0.59019
41 89 0.25345
42 19 0.67201
42 22 0.96251
42 26 0.67484
42 27 0.61813
42 28 0.21303
42 34 0.45857
42 35 0.61351
42 58 0.7738
42 61 0.45258
42 62 0.13444
42 66 0.18162
42 69 0.50026
42 70 0.92915
42 72 0.2124
42 73 0.82442
42 76 0.60865
42 79 0.93029
42 85 0.666
42 88 0.89962
42 89 0.40033
45 19 0.00536
45 22 0.73346
45 26 0.77292
45 27 0.67687
45 28 0.36303
45 34 0.65322
45 35 0.25337
45 58 0.88384
45 61 0.61655
45 62 0.88205
45 66 0.32118
45 69 0.31764
45 70 0.91669
45 72 0.41515
45 73 0.54327
45 76 0.84186
45 79 0.51474
45 85 0.79518
45 88 0.16517
45 89 0.62208
46 19 0.43286
46 22 0.41791
46 26 0.62665
46 27 0.75598
46 28 0.58747
46 34 0.96648
46 35 0.38103
46 58 0.02848
46 61 0.59894
46 62 0.45292
46 66 0.69393
46 69 0.99893
46 70 0.78282
46 72 0.0123
46 73 0.55679
46 76 0.13323
46 79 0.96286
46 85 0.0536
46 88 0.40911
46 89 0.40597
47 19 0.55779
47 22 0.14815
47 26 0.12395
47 27 0.90202
47 28 0.28426
47 34 0.43526
47 35 0.44203
47 58 0.45234
47 61 0.7018
47 62 0.76972
47 66 0.05825
47 69 0.99048
47 70 0.44552
47 72 0.67324
47 73 0.21856
47 76 0.21931
47 79 0.13835
47 85 0.11477
47 88 0.50878
47 89 0.56576
48 19 0.72448
48 22 0.74137
48 26 0.9307
48 27 0.71215
48 28 0.08627
48 34 0.7187
48 35 0.65789
48 58 0.98321
48 61 0.36283
48 62 0.7218
48 66 0.80558
48 69 0.72204
48 70 0.4758
48 72 0.29804
48 73 0.08544
48 76 0.65503
48 79 0.6716
48 85 0.58462
48 88 0.14248
48 89 0.42367
49 19 0.97288
49 22 0.63027
49 26 0.15922
49 27 0.96438
49 28 0.82027
49 34 0.93726
49 35 0.15707
49 58 0.05934
49 61 0.4285
49 62 0.61593
49 66 0.04514
49 69 0.47017
49 70 0.70498
49 72 0.90897
49 73 0.36594
49 76 0.35526
49 79 0.48267
49 85 0.78027
49 88 0.86551
49 89 0.43515
50 19 0.97941
50 22 0.81787
50 26 0.3023
50 27 0.3488
50 28 0.222
50 34 0.04079
50 35 0.58669
50 58 0.66494
50 61 0.75057
50 62 0.35875
50 66 0.17672
50 69 0.45323
50 70 0.75319
50 72 0.81584
50 73 0.27166
50 76 0.39215
50 79 0.55369
50 85 0.83279
50 88 0.29899
50 89 0.46286
59 19 0.96808
59 22 0.77902
59 26 0.36536
59 27 0.96401
59 28 0.27091
59 34 0.69492
59 35 0.72817
59 58 0.84766
59 61 0.33145
59 62 0.35914
59 66 0.22625
59 69 0.70397
59 70 0.20686
59 72 0.46408
59 73 0.28238
59 76 0.43557
59 79 0.10199
59 85 0.87948
59 88 0.53437
59 89 0.64251
74 19 0.84114
74 22 0.61624
74 26 0.56819
74 27 0.7038
74 28 0.07117
74 34 0.78758
74 35 0.22271
74 58 0.37272
74 61 0.83763
74 62 0.16811
74 66 0.70369
74 69 0.66222
74 70 0.45523
74 72 0.91537
74 73 0.56058
74 76 0.72837
74 79 0.36419
74 85 0.60271
74 88 0.47359
74 89 0.72248
75 19 0.04695
75 22 0.88089
75 26 0.35717
75 27 0.72299
75 28 0.46628
75 34 0.33968
75 35 0.38753
75 58 0.87529
75 61 0.33214
75 62 0.68936
75 66 0.24382
75 69 0.22132
75 70 0.6755
75 72 0.4273
75 73 0.36871
75 76 0.424
75 79 0.08346
75 85 0.50499
75 88 0.90946
75 89 0.76745
78 19 0.06451
78 22 0.86412
78 26 0.82192
78 27 0.15981
78 28 0.4318
78 34 0.57217
78 35 0.15412
78 58 0.89935
78 61 0.12158
78 62 0.81274
78 66 0.75562
78 69 0.0596
78 70 0.4545
78 72 0.73951
78 73 0.87265
78 76 0.97888
78 79 0.43599
78 85 0.70177
78 88 0.88741
78 89 0.74728
81 19 0.34749
81 22 0.56521
81 26 0.04639
81 27 0.26205
81 28 0.46316
81 34 0.57379
81 35 0.66773
81 58 0.10459
81 61 0.67268
81 62 0.81682
81 66 0.34971
81 69 0.55704
81 70 0.62347
81 72 0.1225
81 73 0.94786
81 76 0.20368
81 79 0.75284
81 85 0.43377
81 88 0.04064
81 89 0.54243
84 19 0.1291
84 22 0.56197
84 26 0.61346
84 27 0.51929
84 28 0.31424
84 34 0.16934
84 35 0.9484
84 58 0.82652
84 61 0.15077
84 62 0.05569
84 66 0.07966
84 69 0.23983
84 70 0.63301
84 72 0.31766
84 73 0.39189
84 76 0.74381
84 79 0.67521
84 85 0.62205
84 88 0.89004
84 89 0.23561
90 19 0.72119
90 22 0.45257
90 26 0.50497
90 27 0.88399
90 28 0.12033
90 34 0.82642
90 35 0.09737
90 58 0.05816
90 61 0.33945
90 62 0.18318
90 66 0.91207
90 69 0.61318
90 70 0.27201
90 72 0.2491
90 73 0.25612
90 76 0.6789
90 79 0.06216
90 85 0.42766
90 88 0.90237
90 89 0.09702
