51 13 0.97125
51 31 0.35441
51 57 0.17992
51 73 0.48821
51 77 0.18041
51 80 0.13066
51 81 0.04891
51 87 0.12736
51 104 0.85677
51 106 0.18139
51 108 0.55977
51 123 0.80366
51 132 0.3938
51 133 0.09101
51 138 0.28579
51 143 0.27379
51 144 0.40513
51 145 0.16522
51 148 0.33402
51 170 0.46113
51 178 0.89475
51 179 0.27828
51 182 0.87324
51 184 0.47659
51 191 0.44325
51 198 0.74877
51 199 0.15264
51 200 0.08659
52 13 0.7032
52 31 0.69713
52 57 0.42286
52 73 0.28592
52 77 0.53189
52 80 0.18284
52 81 0.23401
52 87 0.18985
52 104 0.30179
52 106 0.15495
52 108 0.03409
52 123 0.28887
52 132 0.53568
52 133 0.10177
52 138 0.64259
52 143 0.49503
52 144 0.88867
52 145 0.89836
52 148 0.89941
52 170 0.23087
52 178 0.27335
52 179 0.34253
52 182 0.81053
52 184 0.35151
52 191 0.2079
52 198 0.75834
52 199 0.05795
52 200 0.15943
55 13 0.11036
55 31 0.1234
55 57 0.46755
55 73 0.3078
55 77 0.50026
55 80 0.35571
55 81 0.5575
55 87 0.24333
55 104 0.55418
55 106 0.38401
55 108 0.73094
55 123 0.45806
55 132 0.23588
55 133 0.87429
55 138 0.41694
55 143 0.65838
55 144 0.57334
55 145 0.1741
55 148 0.71691
55 170 0.56622
55 178 0.26368
55 179 0.28978
55 182 0.23155
55 184 0.65672
55 191 0.4171
55 198 0.40425
55 199 0.41822
55 200 0.85028
64 13 0.0225
64 31 0.41176
64 57 0.37716
64 73 0.77544
64 77 0.08719
64 80 0.48617
64 81 0.40415
64 87 0.13291
64 104 0.82309
64 106 0.87034
64 108 0.95429
64 123 0.4364
64 132 0.88569
64 133 0.3457
64 138 0.91559
64 143 0.27868
64 144 0.83104
64 145 0.84829
64 148 0.48951
64 170 0.45606
64 178 0.68175
64 179 0.99589
64 182 0.94799
64 184 0.6876
64 191 0.48015
64 198 0.08476
64 199 0.27721
64 200 0.82531
65 13 0.80921
65 31 0.95586
65 57 0.95076
65 73 0.35868
65 77 0.09851
65 80 0.51662
65 81 0.79026
65 87 0.80115
65 104 0.65504
65 106 0.98601
65 108 0.43672
65 123 0.09137
65 132 0.58489
65 133 0.93424
65 138 0.28996
65 143 0.03171
65 144 0.83882
65 145 0.5735
65 148 0.86405
65 170 0.98755
65 178 0.52405
65 179 0.39064
65 182 0.78644
65 184 0.02972
65 191 0.45498
65 198 0.26614
65 199 0.69095
65 200 0.25294
76 13 0.48233
76 31 0.88622
76 57 0.99251
76 73 0.39164
76 77 0.33505
76 80 0.00934
76 81 0.13839
76 87 0.9739
76 104 0.60709
76 106 0.69553
76 108 0.17269
76 123 0.40249
76 132 0.03761
76 133 0.57267
76 138 0.11312
76 143 0.1108
76 144 0.57461
76 145 0.78818
76 148 0.06211
76 170 0.24843
76 178 0.41614
76 179 0.60408
76 182 0.03158
76 184 0.25264
76 191 0.06005
76 198 0.03686
76 199 0.62659
76 200 0.47088
82 13 0.643
82 31 0.06624
82 57 0.87487
82 73 0.23905
82 77 0.84784
82 80 0.34391
82 81 0.9404
82 87 0.0887
82 104 0.83878
82 106 0.37342
82 108 0.94322
82 123 0.81654
82 132 0.09135
82 133 0.88329
82 138 0.55575
82 143 0.21096
82 144 0.93876
82 145 0.90578
82 148 0.55832
82 170 0.75455
82 178 0.89996
82 179 0.09314
82 182 0.64176
82 184 0.41765
82 191 0.13251
82 198 0.86694
82 199 0.32369
82 200 0.63327
85 13 0.9268
85 31 0.2284
85 57 0.61758
85 73 0.19881
85 77 0.57049
85 80 0.92121
85 81 0.46608
85 87 0.98152
85 104 0.84955
85 106 0.39795
85 108 0.67883
85 123 0.42127
85 132 0.13611
85 133 0.83904
85 138 0.58788
85 143 0.51458
85 144 0.71188
85 145 0.77841
85 148 0.13416
85 170 0.15735
85 178 0.91591
85 179 0.14626
85 182 0.06706
85 184 0.09946
85 191 0.36608
85 198 0.21847
85 199 0.02173
85 200 0.98021
89 13 0.79447
89 31 0.15581
89 57 0.47646
89 73 0.04277
89 77 0.61833
89 80 0.26664
89 81 0.31033
89 87 0.45162
89 104 0.8817
89 106 0.7736
89 108 0.76535
89 123 0.72977
89 132 0.87977
89 133 0.0689
89 138 0.83399
89 143 0.0754
89 144 0.89788
89 145 0.87638
89 148 0.65838
89 170 0.76639
89 178 0.81282
89 179 0.69664
89 182 0.67077
89 184 0.37323
89 191 0.60288
89 198 0.11563
89 199 0.04428
89 200 0.15992
100 13 0.04496
100 31 0.06832
100 57 0.68849
100 73 0.93726
100 77 0.61344
100 80 0.78286
100 81 0.23203
100 87 0.79282
100 104 0.47498
100 106 0.75947
100 108 0.38658
100 123 0.97047
100 132 0.22948
100 133 0.55097
100 138 0.22589
100 143 0.87517
100 144 0.6985
100 145 0.74048
100 148 0.11773
100 170 0.22864
100 178 0.85577
100 179 0.8718
100 182 0.17695
100 184 0.01066
100 191 0.9479
100 198 0.36328
100 199 0.61728
100 200 0.94337
101 13 0.75645
101 31 0.13499
101 57 0.8066
101 73 0.95297
101 77 0.00552
101 80 0.98997
101 81 0.43381
101 87 0.10205
101 104 0.81173
101 106 0.21529
101 108 0.28886
101 123 0.154
101 132 0.57064
101 133 0.23516
101 138 0.61911
101 143 0.04506
101 144 0.20312
101 145 0.70823
101 148 0.63409
101 170 0.51046
101 178 0.70224
101 179 0.92798
101 182 0.73986
101 184 0.48936
101 191 0.21551
101 198 0.84208
101 199 0.76209
101 200 0.03751
109 13 0.97827
109 31 0.17911
109 57 0.8875
109 73 0.62589
109 77 0.23483
109 80 0.91817
109 81 0.36748
109 87 0.84197
109 104 0.4266
109 106 0.67121
109 108 0.68251
109 123 0.88449
109 132 0.97488
109 133 0.2029
109 138 0.98923
109 143 0.0689
109 144 0.53482
109 145 0.53735
109 148 0.41078
109 170 0.72453
109 178 0.01824
109 179 0.31304
109 182 0.79953
109 184 0.48585
109 191 0.87378
109 198 0.74822
109 199 0.63079
109 200 0.03448
127 13 0.41304
127 31 0.75261
127 57 0.86879
127 73 0.33147
127 77 0.0478
127 80 0.46935
127 81 0.79526
127 87 0.21754
127 104 0.65206
127 106 0.75925
127 108 0.71619
127 123 0.79245
127 132 0.53898
127 133 0.83565
127 138 0.60923
127 143 0.36314
127 144 0.31866
127 145 0.03542
127 148 0.296
127 170 0.34826
127 178 0.15788
127 179 0.305
127 182 0.45637
127 184 0.9386
127 191 0.31028
127 198 0.78866
127 199 0.4009
127 200 0.53358
129 13 0.62939
129 31 0.91684
129 57 0.99627
129 73 0.97024
129 77 0.05352
129 80 0.85423
129 81 0.12489
129 87 0.54833
129 104 0.62338
129 106 0.8076
129 108 0.16678
129 123 0.29071
129 132 0.60719
129 133 0.31948
129 138 0.91789
129 143 0.53825
129 144 0.34797
129 145 0.19461
129 148 0.23146
129 170 0.45789
129 178 0.27985
129 179 0.27881
129 182 0.47878
129 184 0.12429
129 191 0.06954
129 198 0.58841
129 199 0.19344
129 200 0.61682
131 13 0.98743
131 31 0.16316
131 57 0.81199
131 73 0.29113
131 77 0.35892
131 80 0.24998
131 81 0.22895
131 87 0.13633
131 104 0.8396
131 106 0.46487
131 108 0.39644
131 123 0.46093
131 132 0.72433
131 133 0.30174
131 138 0.40393
131 143 0.43778
131 144 0.72073
131 145 0.95673
131 148 0.56813
131 170 0.05971
131 178 0.04275
131 179 0.77345
131 182 0.23135
131 184 0.18105
131 191 0.0912
131 198 0.2792
131 199 0.81574
131 200 0.28813
137 13 0.07359
137 31 0.43742
137 57 0.06439
137 73 0.37949
137 77 0.77686
137 80 0.28912
137 81 0.69009
137 87 0.23192
137 104 0.02135
137 106 0.21116
137 108 0.79911
137 123 0.93471
137 132 0.24441
137 133 0.24
137 138 0.65501
137 143 0.63694
137 144 0.57523
137 145 0.21139
137 148 0.74295
137 170 0.6408
137 178 0.76198
137 179 0.25489
137 182 0.74194
137 184 0.98556
137 191 0.9123
137 198 0.86315
137 199 0.29938
137 200 0.11803
140 13 0.34868
140 31 0.40686
140 57 0.0679
140 73 0.1641
140 77 0.37283
140 80 0.12602
140 81 0.10183
140 87 0.08201
140 104 0.73103
140 106 0.4384
140 108 0.52777
140 123 0.44148
140 132 0.35898
140 133 0.11421
140 138 0.67173
140 143 0.71874
140 144 0.48122
140 145 0.81532
140 148 0.90583
140 170 0.52047
140 178 0.8506
140 179 0.42596
140 182 0.63564
140 184 0.14857
140 191 0.89063
140 198 0.44077
140 199 0.94054
140 200 0.55246
141 13 0.47447
141 31 0.62217
141 57 0.0543
141 73 0.6603
141 77 0.19386
141 80 0.87482
141 81 0.81764
141 87 0.90841
141 104 0.6016
141 106 0.34995
141 108 0.7276
141 123 0.52539
141 132 0.35781
141 133 0.24214
141 138 0.34153
141 143 0.05936
141 144 0.85241
141 145 0.29931
141 148 0.18093
141 170 0.75281
141 178 0.14222
141 179 0.74054
141 182 0.71258
141 184 0.3707
141 191 0.6575
141 198 0.32932
141 199 0.1316
141 200 0.62656
149 13 0.67966
149 31 0.05512
149 57 0.39549
149 73 0.92305
149 77 0.68072
149 80 0.77664
149 81 0.06623
149 87 0.32459
149 104 0.88018
149 106 0.1642
149 108 0.2935
149 123 0.35279
149 132 0.61719
149 133 0.74687
149 138 0.5382
149 143 0.663
149 144 0.87753
149 145 0.37234
149 148 0.2804
149 170 0.94831
149 178 0.1966
149 179 0.99032
149 182 0.48781
149 184 0.808
149 191 0.73334
149 198 0.65129
149 199 0.54894
149 200 0.86303
150 13 0.84578
150 31 0.54172
150 57 0.62209
150 73 0.39871
150 77 0.23652
150 80 0.16078
150 81 0.64886
150 87 0.51218
150 104 0.61191
150 106 0.32587
150 108 0.6295
150 123 0.63073
150 132 0.69567
150 133 0.92486
150 138 0.38846
150 143 0.43547
150 144 0.38184
150 145 0.96134
150 148 0.10695
150 170 0.14171
150 178 0.69761
150 179 0.80778
150 182 0.84834
150 184 0.42948
150 191 0.25003
150 198 0.26684
150 199 0.74562
150 200 0.81882
155 13 0.29868
155 31 0.63706
155 57 0.29336
155 73 0.00028
155 77 0.51221
155 80 0.05545
155 81 0.88362
155 87 0.93409
155 104 0.64453
155 106 0.11488
155 108 0.67381
155 123 0.607
155 132 0.72548
155 133 0.52518
155 138 0.86425
155 143 0.83178
155 144 0.20077
155 145 0.22957
155 148 0.44787
155 170 0.94812
155 178 0.32322
155 179 0.79084
155 182 0.26186
155 184 0.82715
155 191 0.74817
155 198 0.50985
155 199 0.58637
155 200 0.12984
162 13 0.69633
162 31 0.83427
162 57 0.55357
162 73 0.5855
162 77 0.45751
162 80 0.97331
162 81 0.53338
162 87 0.43119
162 104 0.98476
162 106 0.62626
162 108 0.36071
162 123 0.56073
162 132 0.83149
162 133 0.21599
162 138 0.13692
162 143 0.62898
162 144 0.9925
162 145 0.11498
162 148 0.9028
162 170 0.26015
162 178 0.024
162 179 0.95541
162 182 0.30181
162 184 0.63828
162 191 0.50322
162 198 0.7862
162 199 0.65442
162 200 0.37058
163 13 0.5433
163 31 0.04638
163 57 0.54192
163 73 0.3364
163 77 0.1934
163 80 0.27024
163 81 0.2112
163 87 0.79875
163 104 0.76577
163 106 0.50124
163 108 0.12278
163 123 0.30795
163 132 0.27831
163 133 0.34478
163 138 0.1911
163 143 0.37171
163 144 0.46374
163 145 0.29678
163 148 0.19071
163 170 0.12524
163 178 0.49947
163 179 0.81109
163 182 0.53971
163 184 0.38653
163 191 0.6557
163 198 0.20176
163 199 0.52273
163 200 0.74734
164 13 0.60354
164 31 0.84367
164 57 0.13158
164 73 0.9513
164 77 0.09589
164 80 0.16151
164 81 0.21313
164 87 0.96616
164 104 0.21749
164 106 0.70729
164 108 0.84961
164 123 0.27228
164 132 0.83397
164 133 0.91174
164 138 0.71686
164 143 0.415
164 144 0.66967
164 145 0.68743
164 148 0.16402
164 170 0.76123
164 178 0.87965
164 179 0.51365
164 182 0.98899
164 184 0.36759
164 191 0.15922
164 198 0.26292
164 199 0.93198
164 200 0.54754
173 13 0.1165
173 31 0.94089
173 57 0.39375
173 73 0.50492
173 77 0.42739
173 80 0.25646
173 81 0.18813
173 87 0.53514
173 104 0.30936
173 106 0.70157
173 108 0.82714
173 123 0.23115
173 132 0.36834
173 133 0.35453
173 138 0.24909
173 143 0.81818
173 144 0.84741
173 145 0.21325
173 148 0.06612
173 170 0.65472
173 178 0.91516
173 179 0.20099
173 182 0.96152
173 184 0.4418
173 191 0.36865
173 198 0.74991
173 199 0.39956
173 200 0.04425
176 13 0.3047
176 31 0.45835
176 57 0.31702
176 73 0.86103
176 77 0.98573
176 80 0.91943
176 81 0.56776
176 87 0.29541
176 104 0.29954
176 106 0.2861
176 108 0.61684
176 123 0.11686
176 132 0.92679
176 133 0.07237
176 138 0.77631
176 143 0.0594
176 144 0.72554
176 145 0.5432
176 148 0.06221
176 170 0.76318
176 178 0.98778
176 179 0.96279
176 182 0.19081
176 184 0.09801
176 191 0.20972
176 198 0.43019
176 199 0.79761
176 200 0.83528
185 13 0.20786
185 31 0.03889
185 57 0.46667
185 73 0.85327
185 77 0.14747
185 80 0.04257
185 81 0.43925
185 87 0.07106
185 104 0.41581
185 106 0.37696
185 108 0.71329
185 123 0.2694
185 132 0.22624
185 133 0.92247
185 138 0.31134
185 143 0.14304
185 144 0.79358
185 145 0.02739
185 148 0.06001
185 170 0.10673
185 178 0.30715
185 179 0.35102
185 182 0.40058
185 184 0.2592
185 191 0.79954
185 198 0.47973
185 199 0.20013
185 200 0.99265
186 13 0.93112
186 31 0.92099
186 57 0.42432
186 73 0.68749
186 77 0.04704
186 80 0.91581
186 81 0.61248
186 87 0.38546
186 104 0.48279
186 106 0.37496
186 108 0.25062
186 123 0.03618
186 132 0.44937
186 133 0.36396
186 138 0.85139
186 143 0.06673
186 144 0.55027
186 145 0.57527
186 148 0.89638
186 170 0.30797
186 178 0.69657
186 179 0.58443
186 182 0.31366
186 184 0.33342
186 191 0.34674
186 198 0.3207
186 199 0.77917
186 200 0.26851
195 13 0.86755
195 31 0.2896
195 57 0.34627
195 73 0.1238
195 77 0.23555
195 80 0.01793
195 81 0.41884
195 87 0.14667
195 104 0.3046
195 106 0.20208
195 108 0.81603
195 123 0.63797
195 132 0.75186
195 133 0.3417
195 138 0.63224
195 143 0.5625
195 144 0.81715
195 145 0.0339
195 148 0.78691
195 170 0.57485
195 178 0.46242
195 179 0.83891
195 182 0.23625
195 184 0.32834
195 191 0.83634
195 198 0.67132
195 199 0.9794
195 200 0.21166
197 13 0.91974
197 31 0.83594
197 57 0.25549
197 73 0.23266
197 77 0.47228
197 80 0.35829
197 81 0.11243
197 87 0.72895
197 104 0.58301
197 106 0.44622
197 108 0.13013
197 123 0.26221
197 132 0.5595
197 133 0.5528
197 138 0.72544
197 143 0.18799
197 144 0.1236
197 145 0.45831
197 148 0.6488
197 170 0.03861
197 178 0.99334
197 179 0.90937
197 182 0.47561
197 184 0.6492
197 191 0.97177
197 198 0.75252
197 199 0.886
197 200 0.87297
