39 19 0.53096
39 22 0.37798
39 27 0.78557
39 28 0.49346
39 35 0.07328
39 58 0.8211
39 61 0.6005
39 62 0.0199
39 66 0.0711
39 69 0.65776
39 70 0.63226
39 73 0.84857
39 79 0.18138
39 85 0.74023
39 88 0.69469
39 89 0.4214
39 91 0.10332
39 103 0.74452
39 109 0.06718
39 110 0.97986
39 114 0.69739
39 116 0.22378
39 119 0.819
39 136 0.88781
39 138 0.12984
39 148 0.77125
39 152 0.71083
39 154 0.8693
39 156 0.76131
39 162 0.24797
39 164 0.99348
39 166 0.6879
39 169 0.59045
39 173 0.17033
39 179 0.0183
41 19 0.59633
41 22 0.48657
41 27 0.9232
41 28 0.79665
41 35 0.35445
41 58 0.68234
41 61 0.14767
41 62 0.05332
41 66 0.61074
41 69 0.86487
41 70 0.90392
41 73 0.79126
41 79 0.1677
41 85 0.06521
41 88 0.19158
41 89 0.36691
41 91 0.08
41 103 0.07441
41 109 0.47903
41 110 0.27095
41 114 0.73303
41 116 0.68102
41 119 0.74115
41 136 0.06808
41 138 0.96146
41 148 0.05558
41 152 0.67464
41 154 0.98421
41 156 0.46618
41 162 0.85078
41 164 0.51683
41 166 0.29592
41 169 0.37288
41 173 0.42891
41 179 0.41355
42 19 0.30672
42 22 0.17252
42 27 0.80861
42 28 0.71551
42 35 0.74031
42 58 0.34634
42 61 0.07587
42 62 0.74707
42 66 0.46377
42 69 0.0838
42 70 0.16171
42 73 0.11838
42 79 0.01854
42 85 0.76201
42 88 0.92901
42 89 0.49636
42 91 0.74334
42 103 0.83177
42 109 0.69466
42 110 0.62945
42 114 0.03936
42 116 0.66692
42 119 0.38419
42 136 0.11764
42 138 0.75989
42 148 0.91873
42 152 0.16361
42 154 0.77172
42 156 0.70187
42 162 0.78275
42 164 0.66792
42 166 0.20937
42 169 0.08399
42 173 0.58692
42 179 0.72513
48 19 0.29407
48 22 0.82772
48 27 0.30662
48 28 0.06581
48 35 0.80864
48 58 0.56898
48 61 0.69817
48 62 0.32254
48 66 0.97936
48 69 0.10044
48 70 0.26492
48 73 0.52773
48 79 0.34613
48 85 0.41337
48 88 0.4554
48 89 0.5994
48 91 0.89819
48 103 0.26017
48 109 0.63408
48 110 0.86256
48 114 0.9328
48 116 0.96637
48 119 0.50952
48 136 0.21879
48 138 0.31574
48 148 0.48626
48 152 0.16849
48 154 0.99391
48 156 0.14488
48 162 0.02902
48 164 0.7837
48 166 0.94973
48 169 0.15766
48 173 0.70325
48 179 0.14009
49 19 0.46178
49 22 0.64745
49 27 0.04269
49 28 0.20288
49 35 0.29834
49 58 0.93999
49 61 0.75924
49 62 0.65094
49 66 0.11399
49 69 0.35538
49 70 0.77368
49 73 0.74745
49 79 0.7162
49 85 0.28583
49 88 0.64731
49 89 0.02678
49 91 0.6319
49 103 0.89949
49 109 0.65292
49 110 0.12506
49 114 0.44193
49 116 0.70652
49 119 0.8676
49 136 0.13733
49 138 0.04109
49 148 0.44974
49 152 0.58482
49 154 0.38395
49 156 0.69646
49 162 0.23023
49 164 0.86325
49 166 0.14411
49 169 0.73615
49 173 0.52476
49 179 0.16018
50 19 0.38883
50 22 0.09204
50 27 0.62344
50 28 0.65903
50 35 0.99965
50 58 0.80192
50 61 0.84719
50 62 0.14377
50 66 0.90022
50 69 0.16995
50 70 0.19571
50 73 0.78906
50 79 0.4054
50 85 0.42414
50 88 0.24351
50 89 0.28829
50 91 0.29223
50 103 0.17302
50 109 0.75878
50 110 0.94938
50 114 0.57575
50 116 0.97263
50 119 0.87813
50 136 0.04073
50 138 0.06415
50 148 0.8182
50 152 0.9489
50 154 0.36355
50 156 0.00611
50 162 0.33694
50 164 0.51435
50 166 0.98416
50 169 0.53128
50 173 0.08406
50 179 0.4797
74 19 0.31926
74 22 0.13841
74 27 0.49928
74 28 0.33627
74 35 0.85865
74 58 0.60005
74 61 0.13095
74 62 0.61446
74 66 0.61779
74 69 0.24444
74 70 0.69126
74 73 0.09856
74 79 0.89353
74 85 0.1478
74 88 0.43635
74 89 0.65966
74 91 0.29299
74 103 0.59192
74 109 0.4838
74 110 0.11991
74 114 0.12377
74 116 0.32025
74 119 0.4865
74 136 0.83749
74 138 0.76982
74 148 0.16176
74 152 0.15179
74 154 0.63635
74 156 0.66803
74 162 0.09646
74 164 0.02748
74 166 0.0634
74 169 0.39462
74 173 0.2915
74 179 0.38143
75 19 0.67017
75 22 0.56635
75 27 0.98239
75 28 0.17766
75 35 0.85567
75 58 0.07783
75 61 0.70944
75 62 0.67185
75 66 0.47395
75 69 0.66148
75 70 0.10354
75 73 0.34977
75 79 0.81372
75 85 0.82206
75 88 0.3619
75 89 0.43695
75 91 0.85391
75 103 0.98275
75 109 0.0641
75 110 0.81198
75 114 0.6896
75 116 0.37985
75 119 0.22969
75 136 0.28236
75 138 0.24512
75 148 0.49576
75 152 0.85689
75 154 0.50965
75 156 0.68581
75 162 0.28871
75 164 0.62508
75 166 0.03466
75 169 0.43756
75 173 0.59775
75 179 0.91476
81 19 0.82798
81 22 0.9122
81 27 0.01332
81 28 0.14883
81 35 0.17017
81 58 0.41133
81 61 0.43328
81 62 0.04721
81 66 0.50822
81 69 0.79012
81 70 0.93246
81 73 0.98066
81 79 0.93399
81 85 0.82971
81 88 0.71991
81 89 0.97337
81 91 0.13838
81 103 0.25906
81 109 0.0687
81 110 0.23477
81 114 0.32413
81 116 0.25888
81 119 0.37297
81 136 0.50562
81 138 0.08815
81 148 0.53902
81 152 0.78795
81 154 0.98831
81 156 0.59509
81 162 0.15711
81 164 0.55773
81 166 0.01698
81 169 0.35713
81 173 0.9739
81 179 0.64807
84 19 0.61879
84 22 0.89675
84 27 0.37894
84 28 0.44332
84 35 0.23377
84 58 0.29159
84 61 0.67358
84 62 0.40171
84 66 0.64966
84 69 0.24913
84 70 0.19413
84 73 0.32265
84 79 0.46244
84 85 0.46736
84 88 0.49173
84 89 0.34235
84 91 0.80846
84 103 0.65875
84 109 0.67866
84 110 0.04191
84 114 0.17362
84 116 0.55753
84 119 0.54294
84 136 0.29522
84 138 0.44667
84 148 0.7925
84 152 0.43977
84 154 0.91309
84 156 0.77025
84 162 0.98742
84 164 0.68804
84 166 0.77119
84 169 0.30686
84 173 0.9001
84 179 0.71847
92 19 0.86103
92 22 0.97661
92 27 0.04295
92 28 0.26213
92 35 0.68778
92 58 0.04815
92 61 0.01675
92 62 0.55698
92 66 0.55781
92 69 0.23773
92 70 0.73179
92 73 0.62068
92 79 0.14267
92 85 0.35676
92 88 0.99752
92 89 0.24374
92 91 0.9539
92 103 0.74719
92 109 0.61637
92 110 0.09843
92 114 0.07771
92 116 0.03444
92 119 0.98832
92 136 0.64283
92 138 0.63735
92 148 0.49973
92 152 0.75099
92 154 0.39321
92 156 0.71335
92 162 0.37075
92 164 0.38936
92 166 0.99831
92 169 0.28358
92 173 0.7919
92 179 0.11901
95 19 0.85201
95 22 0.12189
95 27 0.84778
95 28 0.10796
95 35 0.22246
95 58 0.70969
95 61 0.51429
95 62 0.84027
95 66 0.32524
95 69 0.68449
95 70 0.31035
95 73 0.71237
95 79 0.6481
95 85 0.79436
95 88 0.3947
95 89 0.77277
95 91 0.62347
95 103 0.09159
95 109 0.94388
95 110 0.30696
95 114 0.82303
95 116 0.9395
95 119 0.25778
95 136 0.10423
95 138 0.72115
95 148 0.77831
95 152 0.46502
95 154 0.34642
95 156 0.5185
95 162 0.67118
95 164 0.70594
95 166 0.27519
95 169 0.26243
95 173 0.47828
95 179 0.36722
98 19 0.34184
98 22 0.87367
98 27 0.70896
98 28 0.15348
98 35 0.98549
98 58 0.57668
98 61 0.89958
98 62 0.08608
98 66 0.2796
98 69 0.71086
98 70 0.42592
98 73 0.57278
98 79 0.08359
98 85 0.23806
98 88 0.70682
98 89 0.2835
98 91 0.32047
98 103 0.46499
98 109 0.78457
98 110 0.15486
98 114 0.7466
98 116 0.16858
98 119 0.23128
98 136 0.07111
98 138 0.91566
98 148 0.69816
98 152 0.41427
98 154 0.31366
98 156 0.68483
98 162 0.9416
98 164 0.83838
98 166 0.56488
98 169 0.80447
98 173 0.14365
98 179 0.60195
99 19 0.08326
99 22 0.31868
99 27 0.4166
99 28 0.15742
99 35 0.46195
99 58 0.52118
99 61 0.08915
99 62 0.22524
99 66 0.15534
99 69 0.30927
99 70 0.78205
99 73 0.94765
99 79 0.35866
99 85 0.36581
99 88 0.79366
99 89 0.42275
99 91 0.75183
99 103 0.8713
99 109 0.87466
99 110 0.54251
99 114 0.84075
99 116 0.09256
99 119 0.00352
99 136 0.16757
99 138 0.5316
99 148 0.83634
99 152 0.45324
99 154 0.69528
99 156 0.25922
99 162 0.2601
99 164 0.73267
99 166 0.54861
99 169 0.40663
99 173 0.83734
99 179 0.51809
106 19 0.99126
106 22 0.12208
106 27 0.99161
106 28 0.31424
106 35 0.14421
106 58 0.43112
106 61 0.19008
106 62 0.81721
106 66 0.99749
106 69 0.62919
106 70 0.9039
106 73 0.22123
106 79 0.46725
106 85 0.69241
106 88 0.63748
106 89 0.96518
106 91 0.33953
106 103 0.65595
106 109 0.40562
106 110 0.39822
106 114 0.88659
106 116 0.49981
106 119 0.63549
106 136 0.86414
106 138 0.1633
106 148 0.8381
106 152 0.96233
106 154 0.33668
106 156 0.95951
106 162 0.94331
106 164 0.15133
106 166 0.93968
106 169 0.65429
106 173 0.37483
106 179 0.06966
112 19 0.5683
112 22 0.60656
112 27 0.4904
112 28 0.60181
112 35 0.02815
112 58 0.12789
112 61 0.78405
112 62 0.89688
112 66 0.45811
112 69 0.46377
112 70 0.50128
112 73 0.35635
112 79 0.46204
112 85 0.89564
112 88 0.80574
112 89 0.56719
112 91 0.49162
112 103 0.69009
112 109 0.33988
112 110 0.29119
112 114 0.91287
112 116 0.43321
112 119 0.9263
112 136 0.12974
112 138 0.581
112 148 0.96472
112 152 0.85978
112 154 0.57709
112 156 0.77575
112 162 0.43119
112 164 0.12751
112 166 0.74293
112 169 0.58622
112 173 0.2952
112 179 0.99565
120 19 0.56514
120 22 0.76438
120 27 0.85575
120 28 0.97095
120 35 0.55328
120 58 0.04735
120 61 0.23384
120 62 0.04385
120 66 0.06793
120 69 0.80758
120 70 0.54494
120 73 0.82048
120 79 0.22036
120 85 0.973
120 88 0.98272
120 89 0.24802
120 91 0.13833
120 103 0.48408
120 109 0.71619
120 110 0.35839
120 114 0.10958
120 116 0.12392
120 119 0.13782
120 136 0.84841
120 138 0.43763
120 148 0.09384
120 152 0.21724
120 154 0.49133
120 156 0.43209
120 162 0.49517
120 164 0.87121
120 166 0.86302
120 169 0.44074
120 173 0.71481
120 179 0.19389
121 19 0.31486
121 22 0.3839
121 27 0.00515
121 28 0.59706
121 35 0.89423
121 58 0.06418
121 61 0.73716
121 62 0.64966
121 66 0.41715
121 69 0.87932
121 70 0.0814
121 73 0.15197
121 79 0.39051
121 85 0.07739
121 88 0.72339
121 89 0.56556
121 91 0.82031
121 103 0.96453
121 109 0.30544
121 110 0.73101
121 114 0.79311
121 116 0.48486
121 119 0.36696
121 136 0.18474
121 138 0.47641
121 148 0.53511
121 152 0.5965
121 154 0.52686
121 156 0.5657
121 162 0.94863
121 164 0.75795
121 166 0.04883
121 169 0.32362
121 173 0.76635
121 179 0.60421
134 19 0.95708
134 22 0.45333
134 27 0.77106
134 28 0.93778
134 35 0.21867
134 58 0.39802
134 61 0.95973
134 62 0.31566
134 66 0.85352
134 69 0.90526
134 70 0.40391
134 73 0.86955
134 79 0.75395
134 85 0.24246
134 88 0.32127
134 89 0.5808
134 91 0.74493
134 103 0.53005
134 109 0.02225
134 110 0.20664
134 114 0.02842
134 116 0.51904
134 119 0.37535
134 136 0.43217
134 138 0.41951
134 148 0.07208
134 152 0.4749
134 154 0.0688
134 156 0.57837
134 162 0.44675
134 164 0.18172
134 166 0.94475
134 169 0.4473
134 173 0.90604
134 179 0.89685
144 19 0.70482
144 22 0.08107
144 27 0.93275
144 28 0.16353
144 35 0.17526
144 58 0.91089
144 61 0.14835
144 62 0.9381
144 66 0.66558
144 69 0.49844
144 70 0.32044
144 73 0.71887
144 79 0.23536
144 85 0.60677
144 88 0.85956
144 89 0.52276
144 91 0.21439
144 103 0.68804
144 109 0.39498
144 110 0.99019
144 114 0.89557
144 116 0.29883
144 119 0.56642
144 136 0.92976
144 138 0.88998
144 148 0.27017
144 152 0.36899
144 154 0.91722
144 156 0.18891
144 162 0.19037
144 164 0.16855
144 166 0.8277
144 169 0.21807
144 173 0.47663
144 179 0.58097
145 19 0.56999
145 22 0.61716
145 27 0.48353
145 28 0.11278
145 35 0.89903
145 58 0.26057
145 61 0.87566
145 62 0.07334
145 66 0.27767
145 69 0.74445
145 70 0.79696
145 73 0.67167
145 79 0.9457
145 85 0.29194
145 88 0.92195
145 89 0.95482
145 91 0.25978
145 103 0.14208
145 109 0.54672
145 110 0.75236
145 114 0.00133
145 116 0.46567
145 119 0.30659
145 136 0.66952
145 138 0.80299
145 148 0.65596
145 152 0.50189
145 154 0.29022
145 156 0.74194
145 162 0.88228
145 164 0.36179
145 166 0.23996
145 169 0.59822
145 173 0.55902
145 179 0.06429
150 19 0.14731
150 22 0.81253
150 27 0.05864
150 28 0.9345
150 35 0.70618
150 58 0.60644
150 61 0.21731
150 62 0.59275
150 66 0.4962
150 69 0.28704
150 70 0.43967
150 73 0.41485
150 79 0.74565
150 85 0.27224
150 88 0.3966
150 89 0.14079
150 91 0.55464
150 103 0.51051
150 109 0.03213
150 110 0.35971
150 114 0.95112
150 116 0.24605
150 119 0.31208
150 136 0.96354
150 138 0.02997
150 148 0.36039
150 152 0.93911
150 154 0.47347
150 156 0.8208
150 162 0.76643
150 164 0.81755
150 166 0.30758
150 169 0.11054
150 173 0.09884
150 179 0.66974
160 19 0.70639
160 22 0.47532
160 27 0.05026
160 28 0.23009
160 35 0.47688
160 58 0.32344
160 61 0.40228
160 62 0.37387
160 66 0.08166
160 69 0.82633
160 70 0.38485
160 73 0.70085
160 79 0.48244
160 85 0.4312
160 88 0.03905
160 89 0.7175
160 91 0.67019
160 103 0.94592
160 109 0.70938
160 110 0.99509
160 114 0.8436
160 116 0.96
160 119 0.06827
160 136 0.07815
160 138 0.63018
160 148 0.08482
160 152 0.05559
160 154 0.81561
160 156 0.75966
160 162 0.81015
160 164 0.93634
160 166 0.8841
160 169 0.79551
160 173 0.92461
160 179 0.89498
161 19 0.431
161 22 0.07758
161 27 0.00734
161 28 0.83281
161 35 0.63403
161 58 0.14142
161 61 0.74563
161 62 0.58512
161 66 0.97908
161 69 0.33181
161 70 0.4337
161 73 0.44083
161 79 0.89024
161 85 0.06763
161 88 0.30465
161 89 0.99698
161 91 0.87843
161 103 0.36441
161 109 0.76375
161 110 0.52442
161 114 0.76041
161 116 0.25508
161 119 0.31518
161 136 0.45765
161 138 0.07981
161 148 0.4724
161 152 0.66968
161 154 0.0584
161 156 0.50788
161 162 0.71832
161 164 0.94317
161 166 0.37316
161 169 0.7017
161 173 0.09026
161 179 0.17592
163 19 0.6576
163 22 0.59922
163 27 0.92036
163 28 0.14844
163 35 0.59249
163 58 0.8666
163 61 0.89155
163 62 0.81491
163 66 0.54737
163 69 0.51081
163 70 0.50964
163 73 0.53047
163 79 0.19301
163 85 0.0232
163 88 0.95009
163 89 0.60666
163 91 0.67927
163 103 0.67664
163 109 0.65977
163 110 0.84931
163 114 0.02307
163 116 0.79283
163 119 0.73762
163 136 0.09879
163 138 0.49101
163 148 0.14322
163 152 0.89252
163 154 0.36491
163 156 0.51648
163 162 0.47749
163 164 0.77148
163 166 0.16681
163 169 0.18638
163 173 0.96011
163 179 0.59558
167 19 0.79727
167 22 0.39302
167 27 0.65234
167 28 0.59868
167 35 0.6307
167 58 0.5858
167 61 0.92586
167 62 0.78621
167 66 0.5077
167 69 0.79516
167 70 0.33788
167 73 0.51796
167 79 0.83489
167 85 0.35096
167 88 0.96138
167 89 0.27054
167 91 0.74042
167 103 0.44023
167 109 0.68477
167 110 0.44901
167 114 0.63973
167 116 0.51851
167 119 0.89036
167 136 0.19688
167 138 0.27648
167 148 0.52005
167 152 0.25053
167 154 0.39537
167 156 0.35891
167 162 0.66549
167 164 0.87302
167 166 0.7174
167 169 0.83304
167 173 0.63522
167 179 0.72465
168 19 0.05083
168 22 0.87765
168 27 0.33014
168 28 0.0264
168 35 0.29652
168 58 0.41784
168 61 0.30585
168 62 0.37406
168 66 0.98596
168 69 0.28799
168 70 0.43658
168 73 0.23735
168 79 0.23041
168 85 0.28599
168 88 0.83138
168 89 0.47416
168 91 0.84589
168 103 0.53933
168 109 0.32481
168 110 0.23831
168 114 0.96177
168 116 0.98241
168 119 0.13445
168 136 0.89263
168 138 0.16113
168 148 0.46581
168 152 0.58196
168 154 0.77799
168 156 0.04621
168 162 0.89071
168 164 0.7059
168 166 0.23222
168 169 0.4112
168 173 0.38794
168 179 0.2459
171 19 0.26106
171 22 0.08959
171 27 0.08846
171 28 0.44601
171 35 0.4562
171 58 0.75247
171 61 0.88323
171 62 0.02666
171 66 0.56872
171 69 0.77033
171 70 0.0772
171 73 0.01575
171 79 0.45221
171 85 0.80113
171 88 0.88162
171 89 0.47781
171 91 0.34322
171 103 0.82384
171 109 0.40857
171 110 0.14942
171 114 0.54985
171 116 0.1968
171 119 0.27822
171 136 0.513
171 138 0.84069
171 148 0.65621
171 152 0.2119
171 154 0.831
171 156 0.04336
171 162 0.1743
171 164 0.06676
171 166 0.13787
171 169 0.1468
171 173 0.54139
171 179 0.74087
174 19 0.90147
174 22 0.89322
174 27 0.00356
174 28 0.43171
174 35 0.50375
174 58 0.96661
174 61 0.04376
174 62 0.33011
174 66 0.38458
174 69 0.92634
174 70 0.84199
174 73 0.33093
174 79 0.64856
174 85 0.41051
174 88 0.15271
174 89 0.22106
174 91 0.38907
174 103 0.90702
174 109 0.70965
174 110 0.73422
174 114 0.47292
174 116 0.50133
174 119 0.88596
174 136 0.59567
174 138 0.03583
174 148 0.13673
174 152 0.66495
174 154 0.64079
174 156 0.29822
174 162 0.24627
174 164 0.65065
174 166 0.728
174 169 0.97276
174 173 0.08445
174 179 0.34891
175 19 0.26214
175 22 0.58751
175 27 0.99454
175 28 0.17652
175 35 0.73386
175 58 0.95302
175 61 0.67579
175 62 0.24249
175 66 0.11168
175 69 0.15769
175 70 0.19322
175 73 0.29146
175 79 0.79297
175 85 0.95288
175 88 0.24982
175 89 0.02892
175 91 0.84637
175 103 0.00514
175 109 0.66906
175 110 0.42646
175 114 0.91756
175 116 0.17956
175 119 0.29761
175 136 0.49549
175 138 0.98038
175 148 0.28011
175 152 0.62253
175 154 0.82205
175 156 0.66564
175 162 0.22699
175 164 0.37143
175 166 0.09737
175 169 0.63084
175 173 0.8819
175 179 0.38829
177 19 0.38876
177 22 0.96344
177 27 0.38707
177 28 0.70989
177 35 0.20857
177 58 0.60039
177 61 0.25387
177 62 0.631
177 66 0.47579
177 69 0.65105
177 70 0.36392
177 73 0.85184
177 79 0.41301
177 85 0.31235
177 88 0.12064
177 89 0.85574
177 91 0.7427
177 103 0.58195
177 109 0.22052
177 110 0.03246
177 114 0.53714
177 116 0.65457
177 119 0.79845
177 136 0.7956
177 138 0.70059
177 148 0.62841
177 152 0.46231
177 154 0.56775
177 156 0.92655
177 162 0.88927
177 164 0.14474
177 166 0.35188
177 169 0.90579
177 173 0.64689
177 179 0.48327
