17 21 0.66448
17 25 0.5053
17 36 0.68074
17 41 0.53874
17 45 0.86263
17 52 0.0619
17 55 0.77887
17 60 0.50053
17 61 0.24795
17 66 0.07584
17 67 0.496
17 71 0.27906
17 74 0.29363
17 83 0.08681
17 88 0.00218
17 94 0.29148
46 21 0.11951
46 25 0.57806
46 36 0.88737
46 41 0.50347
46 45 0.9993
46 52 0.30183
46 55 0.63033
46 60 0.87157
46 61 0.08038
46 66 0.41971
46 67 0.7541
46 71 0.0845
46 74 0.17154
46 83 0.19011
46 88 0.12221
46 94 0.3498
49 21 0.2627
49 25 0.3606
49 36 0.1315
49 41 0.43147
49 45 0.5122
49 52 0.80729
49 55 0.63072
49 60 0.61429
49 61 0.86366
49 66 0.22502
49 67 0.52152
49 71 0.33925
49 74 0.59496
49 83 0.67912
49 88 0.12127
49 94 0.84336
62 21 0.88972
62 25 0.25707
62 36 0.06416
62 41 0.35951
62 45 0.29203
62 52 0.26849
62 55 0.88523
62 60 0.87357
62 61 0.4022
62 66 0.92824
62 67 0.32844
62 71 0.18518
62 74 0.73765
62 83 0.74758
62 88 0.25136
62 94 0.68556
69 21 0.65731
69 25 0.87907
69 36 0.41447
69 41 0.10992
69 45 0.03667
69 52 0.3093
69 55 0.82089
69 60 0.54204
69 61 0.58518
69 66 0.18685
69 67 0.15546
69 71 0.75291
69 74 0.60258
69 83 0.84855
69 88 0.49043
69 94 0.80253
75 21 0.83504
75 25 0.62205
75 36 0.12772
75 41 0.88081
75 45 0.64913
75 52 0.61161
75 55 0.18464
75 60 0.99784
75 61 0.71632
75 66 0.37332
75 67 0.68295
75 71 0.68526
75 74 0.37091
75 83 0.43795
75 88 0.35952
75 94 0.3764
76 21 0.58775
76 25 0.54104
76 36 0.50311
76 41 0.64085
76 45 0.00392
76 52 0.62985
76 55 0.36555
76 60 0.02343
76 61 0.99474
76 66 0.10648
76 67 0.4035
76 71 0.88311
76 74 0.34665
76 83 0.44651
76 88 0.78694
76 94 0.83814
77 21 0.13988
77 25 0.60705
77 36 0.25682
77 41 0.05507
77 45 0.27204
77 52 0.26597
77 55 0.25542
77 60 0.99029
77 61 0.01334
77 66 0.60973
77 67 0.30563
77 71 0.48295
77 74 0.53544
77 83 0.7756
77 88 0.0983
77 94 0.1587
78 21 0.87932
78 25 0.83467
78 36 0.49646
78 41 0.0558
78 45 0.35287
78 52 0.29513
78 55 0.8068
78 60 0.36592
78 61 0.56939
78 66 0.5264
78 67 0.44246
78 71 0.10489
78 74 0.5965
78 83 0.1337
78 88 0.40655
78 94 0.81707
79 21 0.96183
79 25 0.17087
79 36 0.82422
79 41 0.06307
79 45 0.50504
79 52 0.20593
79 55 0.14375
79 60 0.334
79 61 0.62546
79 66 0.91616
79 67 0.19914
79 71 0.1901
79 74 0.20087
79 83 0.56071
79 88 0.99927
79 94 0.36628
80 21 0.32729
80 25 0.50221
80 36 0.24529
80 41 0.6451
80 45 0.73228
80 52 0.78334
80 55 0.42425
80 60 0.90238
80 61 0.69921
80 66 0.81056
80 67 0.78393
80 71 0.663
80 74 0.38609
80 83 0.06479
80 88 0.98023
80 94 0.82167
89 21 0.64268
89 25 0.87283
89 36 0.81914
89 41 0.28228
89 45 0.91749
89 52 0.48881
89 55 0.64771
89 60 0.214
89 61 0.40076
89 66 0.19104
89 67 0.38319
89 71 0.27429
89 74 0.88381
89 83 0.284
89 88 0.97802
89 94 0.28004
90 21 0.7508
90 25 0.62467
90 36 0.49092
90 41 0.09745
90 45 0.3545
90 52 0.94001
90 55 0.54329
90 60 0.98427
90 61 0.79332
90 66 0.19013
90 67 0.14335
90 71 0.58644
90 74 0.98995
90 83 0.47295
90 88 0.30849
90 94 0.45673
93 21 0.53565
93 25 0.81805
93 36 0.17715
93 41 0.02706
93 45 0.64786
93 52 0.38165
93 55 0.35415
93 60 0.90653
93 61 0.64401
93 66 0.15852
93 67 0.06745
93 71 0.61085
93 74 0.4979
93 83 0.29107
93 88 0.82263
93 94 0.26241
96 21 0.80828
96 25 0.81728
96 36 0.20719
96 41 0.9636
96 45 0.39897
96 52 0.12102
96 55 0.86652
96 60 0.45484
96 61 0.45796
96 66 0.48441
96 67 0.04773
96 71 0.97214
96 74 0.26666
96 83 0.43199
96 88 0.88648
96 94 0.32117
98 21 0.66097
98 25 0.59381
98 36 0.47388
98 41 0.93412
98 45 0.15721
98 52 0.63456
98 55 0.23051
98 60 0.06214
98 61 0.20505
98 66 0.68621
98 67 0.91849
98 71 0.32351
98 74 0.94549
98 83 0.776
98 88 0.77698
98 94 0.20935
