22 43 0.55501
22 46 0.75616
22 53 0.43521
22 55 0.34086
22 59 0.96319
22 71 0.79796
22 75 0.38613
22 89 0.67761
22 90 0.8351
22 101 0.71662
22 105 0.54331
22 111 0.71483
22 113 0.50674
22 115 0.96763
22 116 0.62073
22 121 0.66996
22 131 0.01743
22 132 0.04548
22 135 0.67199
22 137 0.3944
22 142 0.30908
22 143 0.1666
22 146 0.19881
22 158 0.25673
22 160 0.67964
22 168 0.17741
22 173 0.6199
22 176 0.06868
22 179 0.94612
22 180 0.00193
45 43 0.94279
45 46 0.47454
45 53 0.21299
45 55 0.69193
45 59 0.65893
45 71 0.79669
45 75 0.04542
45 89 0.61391
45 90 0.27766
45 101 0.32131
45 105 0.61163
45 111 0.49008
45 113 0.19187
45 115 0.00854
45 116 0.65943
45 121 0.18067
45 131 0.24724
45 132 0.20116
45 135 0.98319
45 137 0.13786
45 142 0.63633
45 143 0.17925
45 146 0.11637
45 158 0.69114
45 160 0.31178
45 168 0.98098
45 173 0.32256
45 176 0.56399
45 179 0.84508
45 180 0.98332
52 43 0.1602
52 46 0.71248
52 53 0.37922
52 55 0.97436
52 59 0.25022
52 71 0.80873
52 75 0.82769
52 89 0.44756
52 90 0.24735
52 101 0.88976
52 105 0.81406
52 111 0.68557
52 113 0.88445
52 115 0.85799
52 116 0.0638
52 121 0.92003
52 131 0.02731
52 132 0.42536
52 135 0.79353
52 137 0.10666
52 142 0.79977
52 143 0.66864
52 146 0.46267
52 158 0.3021
52 160 0.09873
52 168 0.36255
52 173 0.15681
52 176 0.64229
52 179 0.23461
52 180 0.19019
57 43 0.1274
57 46 0.16711
57 53 0.75867
57 55 0.67563
57 59 0.77081
57 71 0.56136
57 75 0.04054
57 89 0.3726
57 90 0.06454
57 101 0.6457
57 105 0.29981
57 111 0.07532
57 113 0.5948
57 115 0.07248
57 116 0.17175
57 121 0.02505
57 131 0.79071
57 132 0.21292
57 135 0.76196
57 137 0.51358
57 142 0.29053
57 143 0.55476
57 146 0.66261
57 158 0.26866
57 160 0.1483
57 168 0.75682
57 173 0.61317
57 176 0.33151
57 179 0.89488
57 180 0.33696
67 43 0.85637
67 46 0.0414
67 53 0.28574
67 55 0.622
67 59 0.67754
67 71 0.25067
67 75 0.35035
67 89 0.85588
67 90 0.46495
67 101 0.35041
67 105 0.71101
67 111 0.03182
67 113 0.58353
67 115 0.2281
67 116 0.66099
67 121 0.60411
67 131 0.85836
67 132 0.45192
67 135 0.47817
67 137 0.18218
67 142 0.64469
67 143 0.13102
67 146 0.63133
67 158 0.21002
67 160 0.06501
67 168 0.50045
67 173 0.47456
67 176 0.11419
67 179 0.40996
67 180 0.06441
81 43 0.00141
81 46 0.17945
81 53 0.35132
81 55 0.09017
81 59 0.12389
81 71 0.11707
81 75 0.96281
81 89 0.3391
81 90 0.4736
81 101 0.41112
81 105 0.65785
81 111 0.04287
81 113 0.16911
81 115 0.80766
81 116 0.96022
81 121 0.15782
81 131 0.28156
81 132 0.37461
81 135 0.74198
81 137 0.79159
81 142 0.63941
81 143 0.66339
81 146 0.76292
81 158 0.20092
81 160 0.15261
81 168 0.22666
81 173 0.35054
81 176 0.38316
81 179 0.0614
81 180 0.86418
86 43 0.01313
86 46 0.95026
86 53 0.74794
86 55 0.23719
86 59 0.24989
86 71 0.30011
86 75 0.40869
86 89 0.31525
86 90 0.37138
86 101 0.63706
86 105 0.51912
86 111 0.32682
86 113 0.25495
86 115 0.71106
86 116 0.89005
86 121 0.75512
86 131 0.8503
86 132 0.81747
86 135 0.4919
86 137 0.92327
86 142 0.42044
86 143 0.51476
86 146 0.37395
86 158 0.53521
86 160 0.34038
86 168 0.95001
86 173 0.56563
86 176 0.08549
86 179 0.44193
86 180 0.96988
106 43 0.0423
106 46 0.872
106 53 0.2844
106 55 0.0032
106 59 0.9203
106 71 0.75315
106 75 0.65426
106 89 0.44201
106 90 0.9162
106 101 0.66683
106 105 0.98722
106 111 0.67679
106 113 0.69628
106 115 0.34618
106 116 0.35916
106 121 0.22847
106 131 0.74479
106 132 0.23131
106 135 0.46471
106 137 0.55911
106 142 0.77171
106 143 0.67616
106 146 0.63626
106 158 0.07067
106 160 0.28235
106 168 0.84715
106 173 0.11173
106 176 0.70572
106 179 0.25569
106 180 0.18213
108 43 0.64067
108 46 0.9722
108 53 0.43881
108 55 0.58033
108 59 0.49234
108 71 0.62854
108 75 0.69881
108 89 0.07526
108 90 0.21935
108 101 0.11347
108 105 0.82961
108 111 0.40426
108 113 0.70778
108 115 0.82005
108 116 0.71302
108 121 0.68678
108 131 0.33047
108 132 0.22591
108 135 0.12079
108 137 0.89021
108 142 0.69888
108 143 0.45561
108 146 0.20368
108 158 0.59931
108 160 0.67007
108 168 0.74157
108 173 0.91127
108 176 0.96681
108 179 0.57051
108 180 0.0797
109 43 0.30556
109 46 0.26966
109 53 0.60333
109 55 0.59528
109 59 0.22203
109 71 0.03181
109 75 0.95927
109 89 0.08634
109 90 0.2081
109 101 0.12367
109 105 0.72276
109 111 0.39422
109 113 0.38057
109 115 0.7242
109 116 0.31191
109 121 0.11962
109 131 0.38746
109 132 0.04198
109 135 0.74323
109 137 0.16548
109 142 0.28233
109 143 0.15453
109 146 0.52353
109 158 0.05115
109 160 0.29525
109 168 0.93609
109 173 0.9151
109 176 0.70142
109 179 0.74329
109 180 0.2107
112 43 0.45609
112 46 0.44394
112 53 0.59494
112 55 0.75017
112 59 0.2183
112 71 0.1627
112 75 0.02482
112 89 0.4791
112 90 0.71974
112 101 0.17742
112 105 0.82004
112 111 0.94979
112 113 0.37126
112 115 0.08386
112 116 0.68332
112 121 0.75435
112 131 0.21828
112 132 0.36062
112 135 0.53302
112 137 0.06769
112 142 0.0259
112 143 0.58149
112 146 0.01761
112 158 0.17351
112 160 0.57309
112 168 0.23134
112 173 0.49442
112 176 0.69784
112 179 0.26311
112 180 0.53148
117 43 0.44547
117 46 0.83533
117 53 0.06317
117 55 0.72127
117 59 0.17859
117 71 0.80489
117 75 0.6643
117 89 0.53218
117 90 0.54503
117 101 0.69629
117 105 0.09255
117 111 0.94552
117 113 0.17064
117 115 0.15188
117 116 0.11658
117 121 0.33616
117 131 0.02867
117 132 0.10345
117 135 0.78136
117 137 0.0788
117 142 0.62443
117 143 0.97438
117 146 0.53008
117 158 0.94369
117 160 0.52111
117 168 0.14573
117 173 0.77904
117 176 0.58794
117 179 0.91726
117 180 0.41051
122 43 0.56089
122 46 0.25971
122 53 0.29791
122 55 0.71053
122 59 0.08439
122 71 0.21098
122 75 0.6884
122 89 0.077
122 90 0.34452
122 101 0.20334
122 105 0.09504
122 111 0.228
122 113 0.39474
122 115 0.01862
122 116 0.19919
122 121 0.33967
122 131 0.4238
122 132 0.68032
122 135 0.16483
122 137 0.27878
122 142 0.62328
122 143 0.1216
122 146 0.94284
122 158 0.9398
122 160 0.55411
122 168 0.03225
122 173 0.69693
122 176 0.20591
122 179 0.83834
122 180 0.56584
124 43 0.82972
124 46 0.05806
124 53 0.87865
124 55 0.12204
124 59 0.72377
124 71 0.58031
124 75 0.32849
124 89 0.96235
124 90 0.94825
124 101 0.3745
124 105 0.16569
124 111 0.62301
124 113 0.10512
124 115 0.36939
124 116 0.60396
124 121 0.50249
124 131 0.35163
124 132 0.05294
124 135 0.17135
124 137 0.80562
124 142 0.76876
124 143 0.27602
124 146 0.87143
124 158 0.73275
124 160 0.56466
124 168 0.54652
124 173 0.37584
124 176 0.90659
124 179 0.02506
124 180 0.38282
128 43 0.81748
128 46 0.36266
128 53 0.54802
128 55 0.83141
128 59 0.63302
128 71 0.89994
128 75 0.4723
128 89 0.49034
128 90 0.23601
128 101 0.18639
128 105 0.71927
128 111 0.89194
128 113 0.96265
128 115 0.99757
128 116 0.05875
128 121 0.80611
128 131 0.49698
128 132 0.83613
128 135 0.04677
128 137 0.27191
128 142 0.95073
128 143 0.92903
128 146 0.96477
128 158 0.69704
128 160 0.03767
128 168 0.78028
128 173 0.06235
128 176 0.89554
128 179 0.29061
128 180 0.95687
133 43 0.89485
133 46 0.52769
133 53 0.45076
133 55 0.41087
133 59 0.2019
133 71 0.8885
133 75 0.01224
133 89 0.33888
133 90 0.41478
133 101 0.73746
133 105 0.83142
133 111 0.9855
133 113 0.79023
133 115 0.18823
133 116 0.63885
133 121 0.46032
133 131 0.57103
133 132 0.18038
133 135 0.62694
133 137 0.72617
133 142 0.0271
133 143 0.42028
133 146 0.55449
133 158 0.33653
133 160 0.2244
133 168 0.55374
133 173 0.90819
133 176 0.15956
133 179 0.03118
133 180 0.21083
139 43 0.11291
139 46 0.65913
139 53 0.52389
139 55 0.20152
139 59 0.36971
139 71 0.01835
139 75 0.52319
139 89 0.37719
139 90 0.57719
139 101 0.02146
139 105 0.89094
139 111 0.88813
139 113 0.37486
139 115 0.69063
139 116 0.34287
139 121 0.95635
139 131 0.86117
139 132 0.88207
139 135 0.23214
139 137 0.9821
139 142 0.95351
139 143 0.89089
139 146 0.59843
139 158 0.16607
139 160 0.16807
139 168 0.20799
139 173 0.62646
139 176 0.40677
139 179 0.9866
139 180 0.43681
140 43 0.86629
140 46 0.32364
140 53 0.93615
140 55 0.28806
140 59 0.10745
140 71 0.1905
140 75 0.49254
140 89 0.72857
140 90 0.77205
140 101 0.48006
140 105 0.04784
140 111 0.48412
140 113 0.75862
140 115 0.55634
140 116 0.49125
140 121 0.62299
140 131 0.22299
140 132 0.32158
140 135 0.6868
140 137 0.14356
140 142 0.31289
140 143 0.65906
140 146 0.52233
140 158 0.4255
140 160 0.37182
140 168 0.36083
140 173 0.90118
140 176 0.70985
140 179 0.17054
140 180 0.41323
147 43 0.04064
147 46 0.21674
147 53 0.07764
147 55 0.51953
147 59 0.09282
147 71 0.84007
147 75 0.5852
147 89 0.27383
147 90 0.8633
147 101 0.79981
147 105 0.13899
147 111 0.50183
147 113 0.17615
147 115 0.55635
147 116 0.37974
147 121 0.37285
147 131 0.59393
147 132 0.52335
147 135 0.20091
147 137 0.36718
147 142 0.50252
147 143 0.21984
147 146 0.17529
147 158 0.99654
147 160 0.27109
147 168 0.17171
147 173 0.62469
147 176 0.11584
147 179 0.98754
147 180 0.81755
151 43 0.07788
151 46 0.30887
151 53 0.93125
151 55 0.38414
151 59 0.71001
151 71 0.44799
151 75 0.62228
151 89 0.10156
151 90 0.86748
151 101 0.98385
151 105 0.05176
151 111 0.85635
151 113 0.88165
151 115 0.7705
151 116 0.35545
151 121 0.52542
151 131 0.77611
151 132 0.29376
151 135 0.7081
151 137 0.03434
151 142 0.23464
151 143 0.46142
151 146 0.9181
151 158 0.31599
151 160 0.01456
151 168 0.14844
151 173 0.63834
151 176 0.01032
151 179 0.58007
151 180 0.05598
156 43 0.59163
156 46 0.54494
156 53 0.70946
156 55 0.76346
156 59 0.79828
156 71 0.46078
156 75 0.68391
156 89 0.50337
156 90 0.00426
156 101 0.36099
156 105 0.15843
156 111 0.42373
156 113 0.77647
156 115 0.00607
156 116 0.02306
156 121 0.30494
156 131 0.05944
156 132 0.59521
156 135 0.4276
156 137 0.45564
156 142 0.15751
156 143 0.17087
156 146 0.68443
156 158 0.91233
156 160 0.15685
156 168 0.13997
156 173 0.2357
156 176 0.0971
156 179 0.81045
156 180 0.71911
167 43 0.24626
167 46 0.49212
167 53 0.58668
167 55 0.29851
167 59 0.77833
167 71 0.72546
167 75 0.77808
167 89 0.90766
167 90 0.24776
167 101 0.41635
167 105 0.04037
167 111 0.22864
167 113 0.77841
167 115 0.08965
167 116 0.31783
167 121 0.62721
167 131 0.61621
167 132 0.57352
167 135 0.88797
167 137 0.78712
167 142 0.1264
167 143 0.16623
167 146 0.4877
167 158 0.63984
167 160 0.54242
167 168 0.89169
167 173 0.85368
167 176 0.52611
167 179 0.03111
167 180 0.68385
