28 18 0.91907
28 33 0.78907
28 39 0.189
28 43 0.75495
28 48 0.36683
28 53 0.31088
28 58 0.41298
28 60 0.99856
28 61 0.71858
28 73 0.29358
28 84 0.98335
28 87 0.55847
28 88 0.96145
28 89 0.60689
28 94 0.77993
28 96 0.4879
28 106 0.62284
28 107 0.21152
28 109 0.4633
42 18 0.50947
42 33 0.04947
42 39 0.48556
42 43 0.47653
42 48 0.94263
42 53 0.86754
42 58 0.78604
42 60 0.74724
42 61 0.80277
42 73 0.41359
42 84 0.25483
42 87 0.28781
42 88 0.16166
42 89 0.42333
42 94 0.15219
42 96 0.99607
42 106 0.3463
42 107 0.46041
42 109 0.40435
49 18 0.2541
49 33 0.13598
49 39 0.56012
49 43 0.99971
49 48 0.56915
49 53 0.6515
49 58 0.74276
49 60 0.38586
49 61 0.34598
49 73 0.30022
49 84 0.72767
49 87 0.27447
49 88 0.35735
49 89 0.05076
49 94 0.16589
49 96 0.68163
49 106 0.83603
49 107 0.69189
49 109 0.28816
52 18 0.72103
52 33 0.57161
52 39 0.80466
52 43 0.28041
52 48 0.96524
52 53 0.43789
52 58 0.4545
52 60 0.6988
52 61 0.73742
52 73 0.79809
52 84 0.951
52 87 0.35272
52 88 0.87142
52 89 0.28988
52 94 0.12293
52 96 0.35067
52 106 0.71597
52 107 0.94517
52 109 0.78873
55 18 0.10209
55 33 0.97384
55 39 0.95531
55 43 0.21842
55 48 0.58398
55 53 0.27781
55 58 0.23289
55 60 0.50124
55 61 0.10342
55 73 0.6038
55 84 0.92951
55 87 0.13587
55 88 0.41124
55 89 0.64863
55 94 0.04502
55 96 0.01362
55 106 0.63315
55 107 0.03558
55 109 0.81074
57 18 0.51899
57 33 0.68706
57 39 0.42272
57 43 0.40243
57 48 0.68497
57 53 0.0638
57 58 0.07808
57 60 0.01038
57 61 0.76991
57 73 0.13597
57 84 0.4028
57 87 0.27684
57 88 0.74622
57 89 0.2693
57 94 0.74055
57 96 0.35393
57 106 0.85271
57 107 0.33992
57 109 0.77543
68 18 0.50656
68 33 0.90333
68 39 0.88758
68 43 0.411
68 48 0.70625
68 53 0.9614
68 58 0.65331
68 60 0.78321
68 61 0.24849
68 73 0.09495
68 84 0.54132
68 87 0.2182
68 88 0.60267
68 89 0.49805
68 94 0.73135
68 96 0.46623
68 106 0.04069
68 107 0.41465
68 109 0.59035
69 18 0.84061
69 33 0.05222
69 39 0.84927
69 43 0.34031
69 48 0.43468
69 53 0.95295
69 58 0.57576
69 60 0.37522
69 61 0.2986
69 73 0.2089
69 84 0.43013
69 87 0.14737
69 88 0.65328
69 89 0.88485
69 94 0.32404
69 96 0.93098
69 106 0.78319
69 107 0.41219
69 109 0.06546
70 18 0.88319
70 33 0.84018
70 39 0.52449
70 43 0.26988
70 48 0.90196
70 53 0.41915
70 58 0.19915
70 60 0.75812
70 61 0.83092
70 73 0.57464
70 84 0.55376
70 87 0.14319
70 88 0.29415
70 89 0.87657
70 94 0.84181
70 96 0.26822
70 106 0.92478
70 107 0.50855
70 109 0.54692
71 18 0.01931
71 33 0.26567
71 39 0.91401
71 43 0.38031
71 48 0.65491
71 53 0.2329
71 58 0.15238
71 60 0.78767
71 61 0.50568
71 73 0.99107
71 84 0.65075
71 87 0.46758
71 88 0.28217
71 89 0.40349
71 94 0.35318
71 96 0.37278
71 106 0.94478
71 107 0.37274
71 109 0.51169
74 18 0.87159
74 33 0.70333
74 39 0.12455
74 43 0.64161
74 48 0.52017
74 53 0.48123
74 58 0.88128
74 60 0.59141
74 61 0.02998
74 73 0.48103
74 84 0.63159
74 87 0.45591
74 88 0.26291
74 89 0.88985
74 94 0.98831
74 96 0.29562
74 106 0.0247
74 107 0.1128
74 109 0.97407
76 18 0.9236
76 33 0.213
76 39 0.94812
76 43 0.72577
76 48 0.91575
76 53 0.92375
76 58 0.83986
76 60 0.23067
76 61 0.8711
76 73 0.46328
76 84 0.17629
76 87 0.36701
76 88 0.03424
76 89 0.8163
76 94 0.99324
76 96 0.43405
76 106 0.57847
76 107 0.19559
76 109 0.474
78 18 0.24159
78 33 0.51768
78 39 0.14908
78 43 0.23383
78 48 0.06739
78 53 0.90269
78 58 0.25965
78 60 0.67635
78 61 0.75047
78 73 0.62318
78 84 0.10103
78 87 0.99381
78 88 0.36342
78 89 0.48864
78 94 0.26519
78 96 0.91826
78 106 0.60933
78 107 0.66381
78 109 0.7022
92 18 0.67451
92 33 0.14189
92 39 0.55278
92 43 0.52505
92 48 0.26323
92 53 0.76925
92 58 0.83304
92 60 0.23589
92 61 0.76482
92 73 0.28369
92 84 0.46583
92 87 0.89679
92 88 0.06
92 89 0.89428
92 94 0.34027
92 96 0.45162
92 106 0.63138
92 107 0.54725
92 109 0.88973
98 18 0.33376
98 33 0.33192
98 39 0.38761
98 43 0.41793
98 48 0.29322
98 53 0.15555
98 58 0.51198
98 60 0.737
98 61 0.94132
98 73 0.74229
98 84 0.01361
98 87 0.03623
98 88 0.89105
98 89 0.03917
98 94 0.33217
98 96 0.63224
98 106 0.75288
98 107 0.59304
98 109 0.15711
102 18 0.06326
102 33 0.95936
102 39 0.47299
102 43 0.68459
102 48 0.69021
102 53 0.20607
102 58 0.44707
102 60 0.26839
102 61 0.57728
102 73 0.67883
102 84 0.90002
102 87 0.44229
102 88 0.26988
102 89 0.4208
102 94 0.48098
102 96 0.88721
102 106 0.71933
102 107 0.71817
102 109 0.98763
104 18 0.56554
104 33 0.5545
104 39 0.10501
104 43 0.22823
104 48 0.24122
104 53 0.37998
104 58 0.0718
104 60 0.90919
104 61 0.05078
104 73 0.72607
104 84 0.89061
104 87 0.76201
104 88 0.26823
104 89 0.66356
104 94 0.95144
104 96 0.11162
104 106 0.8289
104 107 0.12136
104 109 0.36926
108 18 0.13915
108 33 0.58513
108 39 0.00637
108 43 0.74097
108 48 0.73058
108 53 0.27017
108 58 0.66037
108 60 0.80477
108 61 0.77885
108 73 0.69497
108 84 0.69153
108 87 0.36586
108 88 0.77244
108 89 0.21026
108 94 0.82782
108 96 0.41807
108 106 0.64775
108 107 0.05958
108 109 0.90127
