22 23 0.43924
22 33 0.08145
22 39 0.92507
22 43 0.53283
22 46 0.36806
22 49 0.26195
22 50 0.81148
22 53 0.56673
22 55 0.79088
22 59 0.98844
22 60 0.48538
22 68 0.18774
22 69 0.62672
22 71 0.94644
22 72 0.61527
22 75 0.71545
22 80 0.03593
30 23 0.19036
30 33 0.04049
30 39 0.26188
30 43 0.91052
30 46 0.94499
30 49 0.09778
30 50 0.30087
30 53 0.61203
30 55 0.23595
30 59 0.66198
30 60 0.60004
30 68 0.73191
30 69 0.37887
30 71 0.08634
30 72 0.30065
30 75 0.42717
30 80 0.09694
36 23 0.06198
36 33 0.17926
36 39 0.79953
36 43 0.15707
36 46 0.51523
36 49 0.20209
36 50 0.59724
36 53 0.7688
36 55 0.59168
36 59 0.92256
36 60 0.38999
36 68 0.24635
36 69 0.05112
36 71 0.67887
36 72 0.86499
36 75 0.54708
36 80 0.97738
45 23 0.75172
45 33 0.83613
45 39 0.24061
45 43 0.29571
45 46 0.05295
45 49 0.49682
45 50 0.80625
45 53 0.10944
45 55 0.8208
45 59 0.05782
45 60 0.91278
45 68 0.08434
45 69 0.02689
45 71 0.42409
45 72 0.65165
45 75 0.62319
45 80 0.45702
52 23 0.21661
52 33 0.5946
52 39 0.25796
52 43 0.5342
52 46 0.97797
52 49 0.30333
52 50 0.84641
52 53 0.30049
52 55 0.40675
52 59 0.91657
52 60 0.3619
52 68 0.97405
52 69 0.01011
52 71 0.21218
52 72 0.53749
52 75 0.64993
52 80 0.79208
56 23 0.8116
56 33 0.13456
56 39 0.18961
56 43 0.81337
56 46 0.20719
56 49 0.21512
56 50 0.63448
56 53 0.11242
56 55 0.72297
56 59 0.04149
56 60 0.73274
56 68 0.11579
56 69 0.32989
56 71 0.51538
56 72 0.82911
56 75 0.39474
56 80 0.82953
57 23 0.60148
57 33 0.23711
57 39 0.63876
57 43 0.83525
57 46 0.06329
57 49 0.20555
57 50 0.23035
57 53 0.37417
57 55 0.37651
57 59 0.93333
57 60 0.71332
57 68 0.19374
57 69 0.11915
57 71 0.02304
57 72 0.60493
57 75 0.48305
57 80 0.04803
65 23 0.58295
65 33 0.32082
65 39 0.79449
65 43 0.03334
65 46 0.95656
65 49 0.51696
65 50 0.77369
65 53 0.05569
65 55 0.50037
65 59 0.22812
65 60 0.19772
65 68 0.56011
65 69 0.48339
65 71 0.83734
65 72 0.57832
65 75 0.78658
65 80 0.77261
67 23 0.34903
67 33 0.16018
67 39 0.9963
67 43 0.51826
67 46 0.04815
67 49 0.68171
67 50 0.47121
67 53 0.65737
67 55 0.81299
67 59 0.15531
67 60 0.83424
67 68 0.40395
67 69 0.51596
67 71 0.88395
67 72 0.67901
67 75 0.9515
67 80 0.02589
