11 23 0.31645
11 33 0.15178
11 35 0.35105
11 39 0.21237
11 43 0.32794
11 44 0.50947
11 46 0.57776
11 49 0.2286
11 50 0.6292
12 23 0.6878
12 33 0.75112
12 35 0.85166
12 39 0.51073
12 43 0.38332
12 44 0.4712
12 46 0.7421
12 49 0.56831
12 50 0.19088
22 23 0.17098
22 33 0.30489
22 35 0.88989
22 39 0.60145
22 43 0.4182
22 44 0.63775
22 46 0.22398
22 49 0.72545
22 50 0.04998
30 23 0.77991
30 33 0.42994
30 35 0.05988
30 39 0.61153
30 43 0.90621
30 44 0.69731
30 46 0.4536
30 49 0.10022
30 50 0.27327
36 23 0.901
36 33 0.43196
36 35 0.41192
36 39 0.6194
36 43 0.31532
36 44 0.1613
36 46 0.52438
36 49 0.50162
36 50 0.55356
45 23 0.46518
45 33 0.96717
45 35 0.74573
45 39 0.34363
45 43 0.29041
45 44 0.37209
45 46 0.34501
45 49 0.58293
45 50 0.65143
