28 18 0.62293
28 33 0.01941
28 39 0.20868
28 43 0.62488
28 48 0.89153
28 53 0.49033
28 58 0.30692
28 60 0.05777
28 61 0.48913
28 73 0.62766
28 84 0.36071
28 87 0.93425
28 88 0.71759
28 89 0.92772
42 18 0.067
42 33 0.50365
42 39 0.99386
42 43 0.06691
42 48 0.15235
42 53 0.50016
42 58 0.71992
42 60 0.75426
42 61 0.76522
42 73 0.78084
42 84 0.94712
42 87 0.76852
42 88 0.27337
42 89 0.72673
49 18 0.13466
49 33 0.67909
49 39 0.11143
49 43 0.1337
49 48 0.05767
49 53 0.09683
49 58 0.37688
49 60 0.54913
49 61 0.95031
49 73 0.5987
49 84 0.26567
49 87 0.90412
49 88 0.62505
49 89 0.5334
52 18 0.30496
52 33 0.28794
52 39 0.00136
52 43 0.51935
52 48 0.63095
52 53 0.74508
52 58 0.75245
52 60 0.97336
52 61 0.43359
52 73 0.5113
52 84 0.29962
52 87 0.9065
52 88 0.36822
52 89 0.07104
55 18 0.64354
55 33 0.13312
55 39 0.58819
55 43 0.64967
55 48 0.85743
55 53 0.03743
55 58 0.7195
55 60 0.16342
55 61 0.91321
55 73 0.02193
55 84 0.84205
55 87 0.94694
55 88 0.48761
55 89 0.21687
57 18 0.07654
57 33 0.28407
57 39 0.69934
57 43 0.63139
57 48 0.78244
57 53 0.62197
57 58 0.22152
57 60 0.52686
57 61 0.97878
57 73 0.89422
57 84 0.89166
57 87 0.58994
57 88 0.70436
57 89 0.43536
68 18 0.03363
68 33 0.23485
68 39 0.79773
68 43 0.75784
68 48 0.21652
68 53 0.65337
68 58 0.28636
68 60 0.72297
68 61 0.01608
68 73 0.00744
68 84 0.12056
68 87 0.61241
68 88 0.16746
68 89 0.31093
69 18 0.33731
69 33 0.3212
69 39 0.13061
69 43 0.55523
69 48 0.72843
69 53 0.141
69 58 0.12496
69 60 0.31403
69 61 0.70685
69 73 0.75179
69 84 0.28008
69 87 0.05155
69 88 0.18893
69 89 0.56795
70 18 0.46651
70 33 0.06977
70 39 0.77835
70 43 0.92487
70 48 0.01442
70 53 0.05578
70 58 0.48035
70 60 0.5169
70 61 0.71908
70 73 0.63292
70 84 0.10907
70 87 0.0942
70 88 0.67544
70 89 0.11368
71 18 0.95738
71 33 0.8644
71 39 0.10417
71 43 0.78314
71 48 0.15454
71 53 0.35496
71 58 0.87786
71 60 0.42054
71 61 0.11782
71 73 0.21232
71 84 0.84151
71 87 0.00622
71 88 0.76785
71 89 0.56178
74 18 0.05386
74 33 0.86625
74 39 0.23523
74 43 0.63693
74 48 0.10887
74 53 0.27588
74 58 0.71877
74 60 0.10969
74 61 0.4781
74 73 0.13592
74 84 0.12911
74 87 0.59428
74 88 0.51071
74 89 0.68251
76 18 0.95463
76 33 0.03064
76 39 0.91042
76 43 0.0162
76 48 0.85442
76 53 0.42155
76 58 0.86036
76 60 0.82386
76 61 0.91202
76 73 0.81472
76 84 0.5436
76 87 0.21211
76 88 0.19847
76 89 0.49024
78 18 0.59234
78 33 0.4517
78 39 0.97087
78 43 0.1955
78 48 0.7123
78 53 0.25397
78 58 0.87888
78 60 0.26546
78 61 0.09023
78 73 0.85431
78 84 0.82053
78 87 0.66603
78 88 0.34462
78 89 0.85532
86 18 0.37405
86 33 0.64004
86 39 0.62639
86 43 0.54301
86 48 0.68749
86 53 0.10748
86 58 0.23702
86 60 0.24705
86 61 0.62721
86 73 0.81259
86 84 0.08616
86 87 0.10034
86 88 0.11762
86 89 0.05877
