27 12 0.98416
27 13 0.06586
27 31 0.11527
27 33 0.0461
27 43 0.35844
27 57 0.72396
27 66 0.37353
27 69 0.05889
27 73 0.79276
27 74 0.64292
27 77 0.25894
27 80 0.29419
47 12 0.12385
47 13 0.99967
47 31 0.03519
47 33 0.7862
47 43 0.87891
47 57 0.34002
47 66 0.22982
47 69 0.83657
47 73 0.57142
47 74 0.58549
47 77 0.07485
47 80 0.02212
50 12 0.38361
50 13 0.14278
50 31 0.49057
50 33 0.72535
50 43 0.31968
50 57 0.99905
50 66 0.26099
50 69 0.27554
50 73 0.44193
50 74 0.12231
50 77 0.84803
50 80 0.75327
51 12 0.00313
51 13 0.73715
51 31 0.76935
51 33 0.90055
51 43 0.82228
51 57 0.22726
51 66 0.39916
51 69 0.85352
51 73 0.31649
51 74 0.66298
51 77 0.73772
51 80 0.687
52 12 0.75964
52 13 0.05131
52 31 0.06176
52 33 0.05084
52 43 0.46091
52 57 0.20079
52 66 0.52781
52 69 0.46776
52 73 0.10884
52 74 0.37139
52 77 0.45163
52 80 0.13582
54 12 0.56171
54 13 0.17827
54 31 0.95135
54 33 0.95503
54 43 0.90534
54 57 0.28772
54 66 0.94499
54 69 0.97232
54 73 0.51449
54 74 0.49307
54 77 0.16721
54 80 0.01523
55 12 0.74691
55 13 0.3715
55 31 0.60565
55 33 0.96164
55 43 0.73015
55 57 0.26786
55 66 0.29514
55 69 0.46556
55 73 0.27345
55 74 0.60768
55 77 0.48651
55 80 0.06413
62 12 0.41429
62 13 0.67863
62 31 0.09591
62 33 0.86886
62 43 0.8965
62 57 0.51541
62 66 0.38015
62 69 0.07558
62 73 0.86099
62 74 0.66593
62 77 0.55201
62 80 0.04359
64 12 0.39153
64 13 0.2409
64 31 0.87667
64 33 0.41887
64 43 0.53958
64 57 0.34526
64 66 0.32829
64 69 0.59973
64 73 0.07435
64 74 0.44374
64 77 0.13475
64 80 0.09303
65 12 0.19193
65 13 0.50016
65 31 0.32757
65 33 0.62096
65 43 0.68522
65 57 0.37489
65 66 0.95632
65 69 0.22283
65 73 0.05914
65 74 0.47417
65 77 0.75167
65 80 0.00974
76 12 0.84594
76 13 0.08892
76 31 0.95122
76 33 0.27441
76 43 0.29163
76 57 0.03955
76 66 0.70943
76 69 0.40966
76 73 0.96754
76 74 0.50032
76 77 0.80567
76 80 0.55874
